0.0005567073822021484
0.00020170211791992188
0.00013828277587890625
0.00013899803161621094
0.0003757476806640625
0.0003294944763183594
0.00010013580322265625
0.0002498626708984375
0.000194549560546875
0.00011682510375976562
0.0003573894500732422
0.0001995563507080078
0.00013327598571777344
0.00025916099548339844
0.00020575523376464844
0.0002079010009765625
7.319450378417969e-05
0.00025773048400878906
0.00020885467529296875
0.0001533031463623047
0.00010776519775390625
0.00023984909057617188
0.00018024444580078125
0.00012946128845214844
0.00022649765014648438
0.00017380714416503906
8.630752563476562e-05
0.00025200843811035156
0.00017690658569335938
0.0001342296600341797
5.2928924560546875e-05
0.00021219253540039062
0.0001685619354248047
9.584426879882812e-05
0.00023484230041503906
0.00017547607421875
0.00010085105895996094
0.00046253204345703125
0.000202178955078125
0.0001423358917236328
8.440017700195312e-05
0.00039076805114746094
0.0003261566162109375
7.963180541992188e-05
0.0002498626708984375
0.00017762184143066406
0.00011491775512695312
0.0003342628479003906
0.00016641616821289062
0.00012969970703125
5.125999450683594e-05
0.00020742416381835938
0.0001647472381591797
0.00011086463928222656
0.000217437744140625
0.00019431114196777344
9.655952453613281e-05
0.00023174285888671875
0.00018215179443359375
0.00011920928955078125
0.000225067138671875
0.00017189979553222656
0.00012564659118652344
8.58306884765625e-05
0.000217437744140625
0.0001652240753173828
9.369850158691406e-05
0.00021457672119140625
0.00016379356384277344
0.00012373924255371094
5.245208740234375e-05
0.00023245811462402344
0.00018286705017089844
0.00012993812561035156
5.269050598144531e-05
0.00025177001953125
0.00019025802612304688
7.772445678710938e-05
0.0002536773681640625
0.0001773834228515625
0.00012183189392089844
0.00022792816162109375
0.0001971721649169922
0.00011157989501953125
0.0003390312194824219
0.0002613067626953125
0.00019025802612304688
8.392333984375e-05
0.0002453327178955078
0.0001876354217529297
0.0001354217529296875
5.626678466796875e-05
0.00034999847412109375
0.00030303001403808594
0.00020051002502441406
0.00012683868408203125
0.00023889541625976562
0.00018095970153808594
6.079673767089844e-05
0.0002243518829345703
0.00016927719116210938
5.2928924560546875e-05
0.00021076202392578125
0.0001709461212158203
7.772445678710938e-05
0.0002484321594238281
0.0002779960632324219
0.0001373291015625
9.465217590332031e-05
0.0002493858337402344
0.0001804828643798828
0.00013375282287597656
5.817413330078125e-05
0.0002551078796386719
0.00020241737365722656
9.989738464355469e-05
0.0003504753112792969
0.00018668174743652344
0.00016307830810546875
0.00023651123046875
0.0001780986785888672
0.00010204315185546875
0.00024318695068359375
0.00020766258239746094
9.34600830078125e-05
0.0002319812774658203
0.00017404556274414062
0.00015354156494140625
0.00030350685119628906
0.00028395652770996094
0.0001926422119140625
0.00024700164794921875
0.00019931793212890625
0.00022721290588378906
0.00010514259338378906
0.00025200843811035156
0.00019311904907226562
8.940696716308594e-05
0.00024390220642089844
0.00017142295837402344
7.677078247070312e-05
0.00021839141845703125
0.00016999244689941406
0.0001251697540283203
5.316734313964844e-05
0.00026917457580566406
0.00018525123596191406
0.00011873245239257812
0.0002541542053222656
0.00018525123596191406
0.00010704994201660156
0.00024962425231933594
0.00019025802612304688
0.00018858909606933594
7.987022399902344e-05
0.00023174285888671875
0.00017690658569335938
9.202957153320312e-05
0.00022840499877929688
0.0001766681671142578
0.00011754035949707031
0.0002257823944091797
0.0001735687255859375
9.560585021972656e-05
0.00023484230041503906
0.00018024444580078125
6.246566772460938e-05
0.000286102294921875
0.00018739700317382812
9.322166442871094e-05
0.00026297569274902344
0.00018405914306640625
0.00012063980102539062
0.0002238750457763672
0.0001723766326904297
0.00011610984802246094
0.00024247169494628906
0.0001800060272216797
5.984306335449219e-05
0.00021910667419433594
0.00017118453979492188
5.3882598876953125e-05
0.00021505355834960938
0.000164031982421875
0.00010895729064941406
0.00022673606872558594
0.00016307830810546875
0.00011181831359863281
0.000225067138671875
0.0001709461212158203
8.225440979003906e-05
0.000324249267578125
0.00018358230590820312
0.00010514259338378906
0.00022292137145996094
0.0001666545867919922
9.942054748535156e-05
0.0003826618194580078
0.0001838207244873047
0.00013256072998046875
0.00025153160095214844
0.00018453598022460938
0.00012254714965820312
0.00022292137145996094
0.0001678466796875
0.00012373924255371094
0.00011467933654785156
0.00022649765014648438
0.00016927719116210938
0.00011038780212402344
0.0002453327178955078
0.00017499923706054688
0.00011205673217773438
0.00021457672119140625
0.0001690387725830078
0.00011301040649414062
0.00022602081298828125
0.0001723766326904297
0.00012612342834472656
8.630752563476562e-05
0.0002548694610595703
0.00017499923706054688
0.00013017654418945312
7.724761962890625e-05
0.0002448558807373047
0.00017547607421875
0.00011086463928222656
0.00021791458129882812
0.00019598007202148438
0.0001304149627685547
0.0002636909484863281
0.0001857280731201172
0.00012373924255371094
0.00021767616271972656
0.0001704692840576172
0.00012302398681640625
6.246566772460938e-05
0.00022292137145996094
0.00018024444580078125
5.9604644775390625e-05
0.00023245811462402344
0.00017023086547851562
0.00010013580322265625
0.00022220611572265625
0.0001678466796875
0.00012421607971191406
5.1975250244140625e-05
0.00023055076599121094
0.0001785755157470703
0.00011730194091796875
0.0002319812774658203
0.0001747608184814453
0.00010228157043457031
0.00023365020751953125
0.0001800060272216797
0.0001323223114013672
0.00022292137145996094
0.00016880035400390625
9.584426879882812e-05
0.0002391338348388672
0.00017309188842773438
0.00010585784912109375
0.00021266937255859375
0.00016832351684570312
0.0001251697540283203
0.00010418891906738281
0.00021600723266601562
0.00016236305236816406
9.465217590332031e-05
0.0002033710479736328
0.00015854835510253906
9.202957153320312e-05
0.0002079010009765625
0.00016546249389648438
0.0001201629638671875
5.412101745605469e-05
0.00020623207092285156
0.0001621246337890625
0.0001270771026611328
0.0002117156982421875
0.00016760826110839844
5.7697296142578125e-05
0.00022912025451660156
0.00020122528076171875
9.584426879882812e-05
0.00023627281188964844
0.00017952919006347656
0.0001289844512939453
9.059906005859375e-05
0.00025272369384765625
0.00019311904907226562
6.580352783203125e-05
0.00023698806762695312
0.00018215179443359375
8.606910705566406e-05
0.0002372264862060547
0.0001647472381591797
0.00011730194091796875
8.440017700195312e-05
0.00021910667419433594
0.0001666545867919922
0.00010943412780761719
0.00020885467529296875
0.00016880035400390625
6.246566772460938e-05
0.00021028518676757812
0.00016450881958007812
9.322166442871094e-05
0.0002231597900390625
0.0002601146697998047
0.000125885009765625
5.53131103515625e-05
0.000415802001953125
0.00032806396484375
0.00018644332885742188
0.0002372264862060547
0.0001773834228515625
0.0001232624053955078
9.72747802734375e-05
0.0002281665802001953
0.00020074844360351562
0.00011277198791503906
0.00021696090698242188
0.0001666545867919922
0.00012946128845214844
9.250640869140625e-05
0.0002117156982421875
0.00016379356384277344
5.412101745605469e-05
1  | 87 | 1| 12 | 0.00017554419381277903 | 7.420155210537081e-05 
