0.0018308162689208984
0.0006430149078369141
0.00025010108947753906
0.001127004623413086
0.00038242340087890625
0.00023221969604492188
6.842613220214844e-05
0.0006878376007080078
0.0003063678741455078
0.0001690387725830078
0.0006122589111328125
0.0006308555603027344
0.00014019012451171875
0.000507354736328125
0.0003387928009033203
0.00012111663818359375
0.0005023479461669922
0.0005273818969726562
0.00017452239990234375
0.0007174015045166016
0.0005271434783935547
6.437301635742188e-05
0.0006029605865478516
0.0005390644073486328
0.00014090538024902344
0.0006070137023925781
0.00019168853759765625
0.0001327991485595703
5.793571472167969e-05
0.0004363059997558594
0.0003952980041503906
0.00021529197692871094
8.249282836914062e-05
0.0005848407745361328
0.0004096031188964844
0.00013184547424316406
0.0004723072052001953
0.0003917217254638672
0.00035953521728515625
6.67572021484375e-05
0.0005807876586914062
0.0004029273986816406
0.00012111663818359375
0.0006585121154785156
0.00034737586975097656
0.00012540817260742188
0.0006341934204101562
0.0005571842193603516
0.00010848045349121094
0.0004839897155761719
0.00029921531677246094
0.00014781951904296875
0.0005972385406494141
0.00041365623474121094
0.00021004676818847656
7.271766662597656e-05
0.0009002685546875
0.0008859634399414062
8.511543273925781e-05
0.0005314350128173828
0.00018715858459472656
0.00017881393432617188
0.0005314350128173828
0.0006022453308105469
0.0001347064971923828
8.296966552734375e-05
0.0005893707275390625
0.0003807544708251953
0.0001423358917236328
0.0006756782531738281
0.0003993511199951172
0.00012254714965820312
0.0005023479461669922
0.0004458427429199219
0.0001423358917236328
0.000591278076171875
0.0003478527069091797
0.0001609325408935547
0.0006659030914306641
0.00038695335388183594
0.00013875961303710938
0.0005841255187988281
0.0003025531768798828
0.0002448558807373047
7.796287536621094e-05
0.0004832744598388672
0.0002796649932861328
0.00017523765563964844
9.274482727050781e-05
0.0006320476531982422
0.0004961490631103516
0.00021910667419433594
7.867813110351562e-05
0.0005886554718017578
0.0003750324249267578
0.00016498565673828125
0.0007262229919433594
0.00034356117248535156
0.00012087821960449219
0.0004589557647705078
0.0004937648773193359
9.274482727050781e-05
0.0006151199340820312
0.00038051605224609375
0.00011348724365234375
0.0005974769592285156
0.00036835670471191406
0.00013017654418945312
0.0005748271942138672
0.0002856254577636719
0.00013017654418945312
5.435943603515625e-05
0.0005726814270019531
0.0004887580871582031
0.00018477439880371094
8.487701416015625e-05
0.0006918907165527344
0.0004267692565917969
0.00011420249938964844
0.0005886554718017578
0.0001933574676513672
7.43865966796875e-05
0.000514984130859375
0.0003223419189453125
0.00014352798461914062
0.0005726814270019531
0.0003304481506347656
0.00014162063598632812
0.0005834102630615234
0.00019788742065429688
0.00021529197692871094
0.0005621910095214844
0.00033545494079589844
0.00011563301086425781
0.0006978511810302734
0.0004994869232177734
0.00014972686767578125
0.0004761219024658203
0.0002949237823486328
0.00015616416931152344
0.0005576610565185547
0.00033354759216308594
0.0002224445343017578
0.0008616447448730469
0.0005438327789306641
7.2479248046875e-05
0.0008707046508789062
0.00032329559326171875
0.00014328956604003906
0.0005972385406494141
0.00019216537475585938
7.605552673339844e-05
0.0008134841918945312
0.00045609474182128906
0.00016999244689941406
6.365776062011719e-05
0.0004620552062988281
0.0004913806915283203
5.507469177246094e-05
0.0006690025329589844
0.0003476142883300781
0.00012493133544921875
0.0005133152008056641
0.00019502639770507812
0.00021338462829589844
0.0005826950073242188
0.00018167495727539062
0.00015401840209960938
0.0005524158477783203
0.0003132820129394531
0.000270843505859375
0.0012302398681640625
0.0007224082946777344
0.00022482872009277344
0.0007009506225585938
0.00037550926208496094
0.00011968612670898438
0.0006494522094726562
0.0002963542938232422
0.00014519691467285156
0.0005810260772705078
0.0003695487976074219
0.00021696090698242188
8.0108642578125e-05
0.0006120204925537109
0.00039196014404296875
0.00012445449829101562
0.0006830692291259766
0.0004911422729492188
5.507469177246094e-05
0.0005984306335449219
0.00019693374633789062
7.104873657226562e-05
0.0005817413330078125
0.00044608116149902344
0.0001537799835205078
0.0004887580871582031
0.00037741661071777344
0.00014472007751464844
0.0006880760192871094
0.0004448890686035156
0.00012421607971191406
0.0005207061767578125
0.0004515647888183594
0.00017189979553222656
6.532669067382812e-05
0.0004737377166748047
0.0003077983856201172
0.0001347064971923828
0.0004017353057861328
0.000186920166015625
5.555152893066406e-05
0.0005702972412109375
0.0004322528839111328
0.00011658668518066406
0.0004646778106689453
0.0003070831298828125
0.00021457672119140625
7.700920104980469e-05
0.0005981922149658203
0.0004298686981201172
0.0001125335693359375
0.0006625652313232422
0.0003292560577392578
0.00018739700317382812
7.534027099609375e-05
0.0004203319549560547
0.0005366802215576172
6.031990051269531e-05
0.000537872314453125
0.0005128383636474609
7.557868957519531e-05
0.0005543231964111328
0.0003159046173095703
7.152557373046875e-05
0.0006039142608642578
0.00042629241943359375
7.843971252441406e-05
0.0006475448608398438
0.00046181678771972656
0.00010538101196289062
0.0005686283111572266
0.00017333030700683594
0.00012254714965820312
8.749961853027344e-05
0.00054168701171875
0.00029730796813964844
0.00020051002502441406
0.0005562305450439453
0.00017690658569335938
0.00019598007202148438
0.0005502700805664062
0.00036716461181640625
0.00011920928955078125
0.00063323974609375
0.0004324913024902344
0.00011754035949707031
0.0006260871887207031
0.00018358230590820312
0.00021386146545410156
0.0005776882171630859
0.00017881393432617188
0.00014066696166992188
0.0006103515625
0.0004444122314453125
0.00011348724365234375
0.0006856918334960938
0.0004410743713378906
0.0001354217529296875
0.0005300045013427734
0.0003745555877685547
0.0001423358917236328
0.0005857944488525391
0.0003731250762939453
0.0001289844512939453
0.0004527568817138672
0.0006210803985595703
0.00011157989501953125
0.0005288124084472656
0.00038361549377441406
0.00012183189392089844
0.0006189346313476562
0.0004322528839111328
0.00011944770812988281
0.0006833076477050781
0.0004885196685791016
0.00011134147644042969
0.0006225109100341797
0.0002601146697998047
0.00011157989501953125
0.0008733272552490234
0.00048041343688964844
0.0002028942108154297
0.0004911422729492188
0.00030612945556640625
0.0001347064971923828
0.0005331039428710938
0.00017499923706054688
0.0001971721649169922
0.0005528926849365234
0.00035881996154785156
0.00012254714965820312
0.00039005279541015625
0.00027298927307128906
0.00013136863708496094
5.936622619628906e-05
0.0007383823394775391
0.0005424022674560547
0.00023794174194335938
8.96453857421875e-05
0.000560760498046875
0.00018739700317382812
0.00014972686767578125
0.0006139278411865234
0.00025343894958496094
0.00017142295837402344
0.0005970001220703125
0.0004398822784423828
0.00012183189392089844
2  | 91 | 0| 9 | 0.00036304198836084443 | 0.00023611851593039395 
