0.021907806396484375
0.0010025501251220703
0.0001761913299560547
0.02552628517150879
0.0015888214111328125
0.00012063980102539062
0.02086019515991211
0.0009624958038330078
8.153915405273438e-05
0.015821456909179688
0.0011758804321289062
7.987022399902344e-05
0.014406204223632812
0.0017242431640625
0.00013327598571777344
8.177757263183594e-05
0.015190601348876953
0.0010437965393066406
0.00011706352233886719
0.012940168380737305
0.0006747245788574219
0.0001232624053955078
7.534027099609375e-05
0.010140419006347656
0.0009317398071289062
7.009506225585938e-05
0.024799108505249023
0.00133514404296875
0.0001239776611328125
9.608268737792969e-05
0.010154247283935547
0.0004627704620361328
8.821487426757812e-05
0.02528214454650879
0.0015141963958740234
9.632110595703125e-05
0.024729013442993164
0.0010521411895751953
0.0001671314239501953
8.296966552734375e-05
0.01862502098083496
0.0004780292510986328
0.00012183189392089844
0.012853384017944336
0.0004284381866455078
6.103515625e-05
0.026453018188476562
0.0004019737243652344
0.00011086463928222656
5.5789947509765625e-05
0.02819085121154785
0.0007672309875488281
0.0001881122589111328
0.03841400146484375
0.0015959739685058594
0.00015807151794433594
0.014590740203857422
0.0014100074768066406
6.771087646484375e-05
0.02002739906311035
0.001592397689819336
0.00015044212341308594
0.010108470916748047
0.0004322528839111328
9.322166442871094e-05
0.01997518539428711
0.0004677772521972656
8.487701416015625e-05
0.01861286163330078
0.0009932518005371094
0.0001735687255859375
0.010674238204956055
0.0005583763122558594
0.00015425682067871094
0.019143342971801758
0.000982046127319336
0.00010251998901367188
0.033510446548461914
0.0005469322204589844
0.00017070770263671875
0.018865108489990234
0.0010335445404052734
0.0001354217529296875
0.024523496627807617
0.000453948974609375
8.869171142578125e-05
0.023508787155151367
0.0017147064208984375
0.00016355514526367188
0.012310981750488281
0.000637054443359375
7.009506225585938e-05
0.02233719825744629
0.0007343292236328125
0.00011014938354492188
0.02541351318359375
0.0024209022521972656
0.00012254714965820312
0.020257234573364258
0.0017366409301757812
0.00012230873107910156
6.937980651855469e-05
0.02025437355041504
0.0016145706176757812
0.00011849403381347656
0.015550851821899414
0.0012025833129882812
0.00010895729064941406
0.019230127334594727
0.0024271011352539062
0.00023484230041503906
0.010619163513183594
0.00036787986755371094
9.918212890625e-05
0.015363931655883789
0.0007634162902832031
0.00018525123596191406
0.014542341232299805
0.0005443096160888672
0.00011348724365234375
0.013833761215209961
0.0009653568267822266
5.7697296142578125e-05
0.028857946395874023
0.001575469970703125
0.00010061264038085938
0.010020256042480469
0.0002551078796386719
8.821487426757812e-05
5.054473876953125e-05
0.027951717376708984
0.0007824897766113281
9.846687316894531e-05
0.02128314971923828
0.001501321792602539
8.702278137207031e-05
0.00996851921081543
0.0004513263702392578
8.869171142578125e-05
0.024491310119628906
0.0009937286376953125
0.0001761913299560547
0.021023273468017578
0.0016336441040039062
0.00011205673217773438
0.015031099319458008
0.0013620853424072266
0.00010824203491210938
0.014045953750610352
0.0016171932220458984
6.318092346191406e-05
0.025590896606445312
0.00038743019104003906
0.00010466575622558594
5.2928924560546875e-05
0.019215106964111328
0.0013892650604248047
7.557868957519531e-05
0.009999275207519531
0.0005886554718017578
0.00011491775512695312
0.01835155487060547
0.001001119613647461
0.0001251697540283203
0.010017633438110352
0.0004775524139404297
0.0001125335693359375
7.462501525878906e-05
0.024419307708740234
0.0005476474761962891
0.0001239776611328125
5.53131103515625e-05
0.014173746109008789
0.0014331340789794922
0.00011944770812988281
0.024692535400390625
0.0016052722930908203
0.00011968612670898438
0.019255638122558594
0.0009884834289550781
8.797645568847656e-05
0.010231256484985352
0.0002803802490234375
0.00010156631469726562
0.01930546760559082
0.0009801387786865234
9.799003601074219e-05
0.03980851173400879
0.0004405975341796875
0.00013780593872070312
5.4836273193359375e-05
0.01225423812866211
0.000461578369140625
8.702278137207031e-05
0.03359031677246094
0.001010894775390625
0.00011324882507324219
6.651878356933594e-05
0.029072999954223633
0.0004096031188964844
0.00012445449829101562
0.021084070205688477
0.0016791820526123047
9.679794311523438e-05
0.014259815216064453
0.0012090206146240234
8.869171142578125e-05
0.024430036544799805
0.0016214847564697266
0.00010061264038085938
0.014234781265258789
0.0011777877807617188
8.249282836914062e-05
0.04012346267700195
0.0011553764343261719
0.00016260147094726562
6.723403930664062e-05
0.028761863708496094
0.0003962516784667969
0.00011277198791503906
0.030124664306640625
0.0009360313415527344
0.0001480579376220703
0.025898218154907227
0.00039577484130859375
0.00010657310485839844
5.173683166503906e-05
0.028096675872802734
0.0009500980377197266
7.867813110351562e-05
0.012334823608398438
0.0004620552062988281
8.106231689453125e-05
0.03879070281982422
0.0017070770263671875
0.00017309188842773438
7.724761962890625e-05
0.024839162826538086
0.0015025138854980469
0.00013637542724609375
5.1021575927734375e-05
0.018237829208374023
0.0013706684112548828
0.00010275840759277344
0.040996551513671875
0.0017123222351074219
8.749961853027344e-05
0.01727461814880371
0.00041937828063964844
0.00010228157043457031
0.01392054557800293
0.0012273788452148438
0.00013947486877441406
0.02919316291809082
0.0010004043579101562
0.00010824203491210938
6.699562072753906e-05
0.019212722778320312
0.0009996891021728516
0.00011205673217773438
0.024288654327392578
0.0010046958923339844
0.00011610984802246094
0.02824878692626953
0.0009539127349853516
7.152557373046875e-05
0.019147872924804688
0.00046181678771972656
0.00011754035949707031
0.013920307159423828
0.0016903877258300781
9.965896606445312e-05
0.020625591278076172
0.0014989376068115234
0.0001926422119140625
0.013802289962768555
0.0009472370147705078
6.341934204101562e-05
0.010756969451904297
0.000446319580078125
0.00011396408081054688
0.019129514694213867
0.0010020732879638672
7.557868957519531e-05
0.018155813217163086
0.0016622543334960938
0.0002238750457763672
8.797645568847656e-05
0.015851974487304688
0.0014142990112304688
7.891654968261719e-05
0.042737722396850586
0.002524137496948242
0.00017714500427246094
0.02900099754333496
0.0007915496826171875
0.00015473365783691406
8.106231689453125e-05
0.010237455368041992
0.0002868175506591797
0.00010442733764648438
6.031990051269531e-05
0.019888877868652344
0.0014579296112060547
0.00012803077697753906
0.028870105743408203
0.0015914440155029297
0.00011730194091796875
0.009973287582397461
0.0004668235778808594
8.702278137207031e-05
0.013994932174682617
0.0005097389221191406
0.00011324882507324219
0.018252134323120117
0.0010311603546142578
0.00013208389282226562
0.01839447021484375
0.0013430118560791016
0.00010275840759277344
6  | 89 | 11| 0 | 0.006769298017024994 | 0.010248307154843804 
