0.010189056396484375
0.00046825408935546875
6.341934204101562e-05
0.014717817306518555
0.00046062469482421875
0.0001685619354248047
0.019626140594482422
0.0005397796630859375
6.270408630371094e-05
0.010560750961303711
0.0004527568817138672
8.392333984375e-05
7.152557373046875e-05
0.016173362731933594
0.0006959438323974609
0.00014328956604003906
6.270408630371094e-05
0.009722232818603516
0.0004227161407470703
0.009796380996704102
0.0003573894500732422
8.296966552734375e-05
0.01386570930480957
0.0007786750793457031
0.00011467933654785156
0.015331029891967773
0.00037288665771484375
0.00014591217041015625
5.435943603515625e-05
0.014924764633178711
0.00033020973205566406
0.00010800361633300781
5.984306335449219e-05
0.017309904098510742
0.0008149147033691406
0.017590999603271484
0.0011365413665771484
0.019551753997802734
0.0005421638488769531
0.00015211105346679688
6.4849853515625e-05
0.009555339813232422
0.00027441978454589844
0.00013399124145507812
5.0067901611328125e-05
0.016204357147216797
0.0008921623229980469
0.00010991096496582031
0.018684864044189453
0.0005278587341308594
5.745887756347656e-05
0.016966581344604492
0.0007305145263671875
0.00015020370483398438
0.018992185592651367
0.0004956722259521484
6.461143493652344e-05
0.01769423484802246
0.0005056858062744141
0.01032876968383789
0.0004558563232421875
0.00017762184143066406
0.0001342296600341797
0.02286052703857422
0.0005283355712890625
0.00014209747314453125
7.557868957519531e-05
0.0188753604888916
0.002527475357055664
0.00010704994201660156
6.29425048828125e-05
0.01670360565185547
0.0003941059112548828
6.461143493652344e-05
0.018856048583984375
0.0005609989166259766
6.389617919921875e-05
0.014978647232055664
0.0008697509765625
0.0001595020294189453
0.01816558837890625
0.0004715919494628906
0.00014901161193847656
0.017394065856933594
0.0007331371307373047
0.0001456737518310547
0.00864863395690918
0.0003559589385986328
0.00010037422180175781
0.01665949821472168
0.0003802776336669922
5.5789947509765625e-05
0.017897367477416992
0.0008108615875244141
0.00012993812561035156
0.012643098831176758
0.00022721290588378906
7.414817810058594e-05
0.017342329025268555
0.0009713172912597656
0.000133514404296875
6.0558319091796875e-05
0.017762184143066406
0.0004582405090332031
0.00010991096496582031
0.010396480560302734
0.000377655029296875
7.677078247070312e-05
0.019256591796875
0.0005331039428710938
5.9604644775390625e-05
0.014518260955810547
0.0008058547973632812
0.00013899803161621094
0.018625736236572266
0.0008304119110107422
0.00011777877807617188
0.015164613723754883
0.0007915496826171875
0.0001201629638671875
0.010225534439086914
0.00017547607421875
5.316734313964844e-05
0.017279863357543945
0.0013380050659179688
0.0001461505889892578
5.91278076171875e-05
0.014457941055297852
0.0007596015930175781
0.00011730194091796875
6.29425048828125e-05
0.014491558074951172
0.0010552406311035156
0.00014472007751464844
9.72747802734375e-05
0.01723170280456543
0.0008625984191894531
0.00012969970703125
8.0108642578125e-05
0.017657756805419922
0.0005283355712890625
6.604194641113281e-05
0.016916990280151367
0.0008413791656494141
0.00012922286987304688
0.014226436614990234
0.00046563148498535156
9.799003601074219e-05
0.014564752578735352
0.00046443939208984375
0.00010275840759277344
0.018904685974121094
0.0005872249603271484
0.00021958351135253906
7.796287536621094e-05
0.008573770523071289
0.00021386146545410156
6.699562072753906e-05
0.013875722885131836
0.0002880096435546875
9.34600830078125e-05
0.014488458633422852
0.0007593631744384766
0.00013303756713867188
0.01733112335205078
0.0010993480682373047
0.00010156631469726562
5.412101745605469e-05
0.010101556777954102
0.0005304813385009766
0.00012803077697753906
6.532669067382812e-05
0.00972127914428711
0.0001773834228515625
5.173683166503906e-05
0.0173492431640625
0.0004839897155761719
0.014979124069213867
0.0010600090026855469
8.702278137207031e-05
5.8650970458984375e-05
0.009990692138671875
0.0003008842468261719
5.2928924560546875e-05
0.014248847961425781
0.0005548000335693359
8.893013000488281e-05
0.023486852645874023
0.00041413307189941406
0.00012493133544921875
0.009703874588012695
0.0006935596466064453
0.00013327598571777344
0.013992786407470703
0.0004868507385253906
0.00012183189392089844
5.435943603515625e-05
0.010451555252075195
0.0008771419525146484
0.0001010894775390625
0.014601469039916992
0.0006253719329833984
0.00017309188842773438
6.4849853515625e-05
0.010523557662963867
0.0007259845733642578
7.534027099609375e-05
0.018311738967895508
0.0004432201385498047
0.00010204315185546875
9.894371032714844e-05
0.017575740814208984
0.0010137557983398438
0.00015497207641601562
9.918212890625e-05
0.01630091667175293
0.00033593177795410156
8.368492126464844e-05
0.013824939727783203
0.0007874965667724609
0.00012350082397460938
6.079673767089844e-05
0.014775753021240234
0.0008335113525390625
8.511543273925781e-05
6.151199340820312e-05
0.030197858810424805
0.0007250308990478516
7.367134094238281e-05
0.01680278778076172
0.0003726482391357422
0.00010704994201660156
0.016982555389404297
0.0010347366333007812
8.988380432128906e-05
5.9604644775390625e-05
0.009649038314819336
0.0003082752227783203
6.651878356933594e-05
0.014725923538208008
0.0008089542388916016
0.00013709068298339844
6.818771362304688e-05
0.016338825225830078
0.0004177093505859375
8.416175842285156e-05
0.009311914443969727
0.0002830028533935547
8.416175842285156e-05
0.018811464309692383
0.0005354881286621094
6.270408630371094e-05
0.017810344696044922
0.0004868507385253906
0.00011444091796875
0.014957666397094727
0.0008368492126464844
0.00014638900756835938
7.081031799316406e-05
0.01803445816040039
0.0008499622344970703
0.013905763626098633
0.0007936954498291016
0.0001201629638671875
0.010382413864135742
0.0004284381866455078
7.224082946777344e-05
0.015257120132446289
0.00037670135498046875
6.937980651855469e-05
0.008596181869506836
0.00021195411682128906
6.985664367675781e-05
0.01383352279663086
0.0007936954498291016
0.00011992454528808594
0.008926630020141602
0.00027489662170410156
8.273124694824219e-05
0.0186309814453125
0.0005276203155517578
0.00012159347534179688
0.008559465408325195
0.00039649009704589844
8.678436279296875e-05
0.019048690795898438
0.00043392181396484375
6.079673767089844e-05
0.01699042320251465
0.0005879402160644531
0.00013399124145507812
0.01981949806213379
0.0010514259338378906
8.20159912109375e-05
0.008654356002807617
0.0003027915954589844
0.000133514404296875
5.8650970458984375e-05
0.017054319381713867
0.0008442401885986328
0.00012803077697753906
5.1975250244140625e-05
0.014452219009399414
0.0007734298706054688
0.0001220703125
0.014741182327270508
0.0008032321929931641
0.00011181831359863281
0.014065742492675781
0.0004830360412597656
0.018822908401489258
0.00048160552978515625
5.602836608886719e-05
0.013883829116821289
0.0007417201995849609
0.01887989044189453
0.0005140304565429688
0.017738819122314453
0.0007343292236328125
0.00014400482177734375
7  | 65 | 35| 0 | 0.004981837421655655 | 0.00721912702496133 
