0.018017292022705078
0.0010766983032226562
0.0001380443572998047
0.015400171279907227
0.0007708072662353516
0.00011348724365234375
0.01769113540649414
0.001851797103881836
0.00022602081298828125
9.608268737792969e-05
0.02085709571838379
0.0002760887145996094
0.00016450881958007812
0.008362054824829102
0.0008459091186523438
0.00016379356384277344
0.0001232624053955078
0.009053707122802734
0.00048279762268066406
0.00013494491577148438
5.14984130859375e-05
0.008346080780029297
0.0010199546813964844
0.00011563301086425781
9.918212890625e-05
0.013132333755493164
0.0012671947479248047
5.7220458984375e-05
0.01621532440185547
0.0010488033294677734
0.00012350082397460938
0.01337122917175293
0.0023512840270996094
0.00013518333435058594
0.01215505599975586
0.0006568431854248047
0.0001304149627685547
6.67572021484375e-05
0.014235734939575195
0.004097461700439453
0.0002143383026123047
0.028456926345825195
0.0015101432800292969
0.00011563301086425781
6.246566772460938e-05
0.010306835174560547
0.0006604194641113281
0.00012612342834472656
0.011890649795532227
0.0004494190216064453
9.512901306152344e-05
0.015371561050415039
0.0014584064483642578
0.00013208389282226562
0.015234708786010742
0.00026488304138183594
6.914138793945312e-05
0.015071392059326172
0.0016634464263916016
0.00011658668518066406
0.022724390029907227
0.0007305145263671875
0.00016355514526367188
0.018189668655395508
0.00103759765625
0.0001709461212158203
0.024709701538085938
0.0034439563751220703
0.0001881122589111328
7.2479248046875e-05
0.017330169677734375
0.001960277557373047
0.00014019012451171875
7.05718994140625e-05
0.011555910110473633
0.0010082721710205078
0.00010919570922851562
0.019234657287597656
0.0008275508880615234
0.0001628398895263672
0.008380651473999023
0.0002732276916503906
0.00013947486877441406
6.0558319091796875e-05
0.011995077133178711
0.00045037269592285156
9.703636169433594e-05
0.010327816009521484
0.0015943050384521484
9.822845458984375e-05
0.014772176742553711
0.0006053447723388672
0.00013875961303710938
5.340576171875e-05
0.012002944946289062
0.0004611015319824219
0.0001049041748046875
0.022009611129760742
0.0008652210235595703
0.00012540817260742188
0.013403654098510742
0.0016281604766845703
0.00010347366333007812
0.013105392456054688
0.0006365776062011719
0.0001373291015625
0.016080617904663086
0.0022165775299072266
8.630752563476562e-05
0.01590752601623535
0.0010514259338378906
0.0001442432403564453
5.650520324707031e-05
0.016410112380981445
0.0011663436889648438
0.00011110305786132812
0.010494232177734375
0.0017004013061523438
8.7738037109375e-05
0.013292074203491211
0.0006163120269775391
0.00011968612670898438
0.011352300643920898
0.0009150505065917969
0.00010395050048828125
0.012057065963745117
0.0004794597625732422
0.00010061264038085938
0.01663494110107422
0.0010383129119873047
9.489059448242188e-05
0.01489567756652832
0.0010769367218017578
0.00010657310485839844
6.461143493652344e-05
0.008255481719970703
0.0002682209014892578
8.392333984375e-05
0.018799543380737305
0.0010676383972167969
0.00020003318786621094
0.0160982608795166
0.0004858970642089844
0.00011467933654785156
6.151199340820312e-05
0.014994382858276367
0.0006029605865478516
0.00013375282287597656
0.016164779663085938
0.0006647109985351562
0.00011992454528808594
0.014799118041992188
0.00102996826171875
0.00019025802612304688
0.01699662208557129
0.001470327377319336
0.00013184547424316406
0.01131129264831543
0.00048732757568359375
0.00016641616821289062
6.842613220214844e-05
0.013363122940063477
0.001474142074584961
0.00013136863708496094
0.012924909591674805
0.0011129379272460938
0.00012135505676269531
0.016498088836669922
0.0012507438659667969
0.00015425682067871094
7.367134094238281e-05
0.014914751052856445
0.0006101131439208984
0.0001933574676513672
0.011927604675292969
0.0006291866302490234
0.00015616416931152344
0.015815258026123047
0.0010390281677246094
0.00014448165893554688
0.015758991241455078
0.001039743423461914
0.00018405914306640625
0.013073205947875977
0.002583026885986328
0.00011682510375976562
0.010083436965942383
0.0015447139739990234
9.584426879882812e-05
0.009125709533691406
0.0014810562133789062
0.00013136863708496094
8.082389831542969e-05
0.015868425369262695
0.0019850730895996094
0.00019478797912597656
9.1552734375e-05
0.013062715530395508
0.0019681453704833984
0.00010156631469726562
0.012777328491210938
0.0018346309661865234
0.00012302398681640625
0.01630711555480957
0.0014832019805908203
0.0001327991485595703
0.009368181228637695
0.002167940139770508
0.00013709068298339844
0.012002229690551758
0.0009403228759765625
0.0001087188720703125
0.009426355361938477
0.002157926559448242
0.00012826919555664062
6.341934204101562e-05
0.009198904037475586
0.0004482269287109375
0.00010967254638671875
0.010291576385498047
0.0016522407531738281
0.00012040138244628906
0.011468172073364258
0.0008902549743652344
9.226799011230469e-05
0.008299112319946289
0.0005156993865966797
5.245208740234375e-05
0.01486515998840332
0.0013628005981445312
0.00010633468627929688
0.00831913948059082
0.0002467632293701172
5.269050598144531e-05
0.010298490524291992
0.0006701946258544922
0.00012493133544921875
6.175041198730469e-05
0.016064167022705078
0.001455068588256836
9.632110595703125e-05
0.01616501808166504
0.0006644725799560547
0.00013494491577148438
6.29425048828125e-05
0.00834345817565918
0.0002510547637939453
6.270408630371094e-05
0.016440153121948242
0.00047898292541503906
0.000102996826171875
5.245208740234375e-05
0.010320186614990234
0.0016345977783203125
5.459785461425781e-05
0.01732349395751953
0.0010936260223388672
0.00016117095947265625
7.271766662597656e-05
0.015284061431884766
0.0015645027160644531
0.00015091896057128906
5.5789947509765625e-05
0.012267827987670898
0.0004775524139404297
9.775161743164062e-05
0.009032249450683594
0.0004391670227050781
9.703636169433594e-05
0.010272741317749023
0.0006215572357177734
0.00015473365783691406
5.984306335449219e-05
0.011939287185668945
0.0004405975341796875
7.510185241699219e-05
0.01773691177368164
0.00066375732421875
0.00012540817260742188
0.008336305618286133
0.0014646053314208984
9.441375732421875e-05
0.01327371597290039
0.0021665096282958984
9.703636169433594e-05
0.010263681411743164
0.0014166831970214844
0.00017833709716796875
0.009120941162109375
0.001367807388305664
0.00011181831359863281
0.01301121711730957
0.0021483898162841797
7.748603820800781e-05
0.00906515121459961
0.0013501644134521484
0.00016832351684570312
0.011247396469116211
0.0011341571807861328
0.00016951560974121094
0.017145872116088867
0.001476287841796875
0.00011897087097167969
0.017453908920288086
0.0015864372253417969
0.00011014938354492188
0.022742509841918945
0.0013661384582519531
0.0002636909484863281
0.008282661437988281
0.0008273124694824219
0.000110626220703125
5.745887756347656e-05
0.011243820190429688
0.0008614063262939453
6.628036499023438e-05
0.013380765914916992
0.0024538040161132812
0.00010466575622558594
0.014869928359985352
0.001013040542602539
0.00012087821960449219
0.01598048210144043
0.0015344619750976562
0.00013494491577148438
6.270408630371094e-05
5  | 92 | 8| 0 | 0.004632388155884538 | 0.006489763644321698 
