0.0034952163696289062
0.0007927417755126953
0.00014090538024902344
7.104873657226562e-05
0.00447845458984375
0.0003261566162109375
0.007117033004760742
0.0009365081787109375
0.00012731552124023438
0.003968477249145508
0.0005481243133544922
0.00011324882507324219
0.00465703010559082
0.001493215560913086
9.72747802734375e-05
5.459785461425781e-05
0.0073089599609375
0.0003845691680908203
5.841255187988281e-05
0.0031044483184814453
0.0006275177001953125
0.00011086463928222656
0.007236003875732422
0.0016584396362304688
0.00010561943054199219
6.866455078125e-05
0.0031375885009765625
0.0009448528289794922
6.937980651855469e-05
0.003047943115234375
0.0005667209625244141
0.0036940574645996094
0.0002949237823486328
7.700920104980469e-05
0.004418849945068359
0.0005323886871337891
9.846687316894531e-05
0.004442453384399414
0.000362396240234375
8.96453857421875e-05
0.0044100284576416016
0.0005350112915039062
0.00015211105346679688
0.003210783004760742
0.000972747802734375
0.00014352798461914062
6.103515625e-05
0.0030820369720458984
0.00022935867309570312
9.584426879882812e-05
0.0049228668212890625
0.00033092498779296875
7.724761962890625e-05
0.003510713577270508
0.0007367134094238281
0.00014328956604003906
5.7220458984375e-05
0.005060911178588867
0.0009844303131103516
0.0001304149627685547
0.007279157638549805
0.0005643367767333984
9.870529174804688e-05
5.459785461425781e-05
0.007231235504150391
0.0003712177276611328
6.580352783203125e-05
0.0048482418060302734
0.0007445812225341797
0.0001480579376220703
5.745887756347656e-05
0.0047299861907958984
0.0010981559753417969
0.00013327598571777344
7.033348083496094e-05
0.0031888484954833984
0.0006358623504638672
0.007243156433105469
0.0010800361633300781
0.00010752677917480469
0.0031218528747558594
0.0005016326904296875
6.151199340820312e-05
0.004399538040161133
0.0007064342498779297
5.6743621826171875e-05
0.0035936832427978516
0.0006639957427978516
7.772445678710938e-05
0.004624843597412109
0.0003135204315185547
5.91278076171875e-05
0.004420280456542969
0.0005173683166503906
0.004610538482666016
0.000919342041015625
0.0001342296600341797
9.369850158691406e-05
0.005789518356323242
0.0003323554992675781
5.5789947509765625e-05
0.003504514694213867
0.0006721019744873047
7.915496826171875e-05
0.003268718719482422
0.0008676052093505859
5.412101745605469e-05
0.004925727844238281
0.000980377197265625
0.0001239776611328125
6.389617919921875e-05
0.0031447410583496094
0.0008664131164550781
6.198883056640625e-05
0.005781888961791992
0.00034165382385253906
6.198883056640625e-05
0.003595113754272461
0.0006363391876220703
0.00011110305786132812
0.0049571990966796875
0.0006132125854492188
0.00011134147644042969
6.556510925292969e-05
0.004708290100097656
0.0011055469512939453
0.00013494491577148438
6.914138793945312e-05
0.003051280975341797
0.0007328987121582031
0.00010609626770019531
0.0030460357666015625
0.0008764266967773438
0.0048389434814453125
0.0005376338958740234
0.00016236305236816406
8.082389831542969e-05
0.003082752227783203
0.0006837844848632812
0.00012350082397460938
9.632110595703125e-05
0.003045797348022461
0.00026488304138183594
0.00578761100769043
0.0007622241973876953
9.369850158691406e-05
0.007264137268066406
0.0005476474761962891
5.53131103515625e-05
0.0030472278594970703
0.0005736351013183594
0.00010943412780761719
6.365776062011719e-05
0.003189563751220703
0.0002415180206298828
0.0001552104949951172
0.00010180473327636719
0.004527091979980469
0.0008144378662109375
0.0001595020294189453
0.00011754035949707031
0.00725102424621582
0.0005524158477783203
5.53131103515625e-05
0.003148317337036133
0.0006210803985595703
5.6743621826171875e-05
0.004991292953491211
0.0003261566162109375
5.4836273193359375e-05
0.003831148147583008
0.0018055438995361328
0.00021910667419433594
0.003480195999145508
0.0005815029144287109
0.0001633167266845703
9.512901306152344e-05
0.0030753612518310547
0.0005862712860107422
0.00015020370483398438
7.05718994140625e-05
0.003591299057006836
0.0006625652313232422
8.630752563476562e-05
0.0030295848846435547
0.0005159378051757812
7.581710815429688e-05
5.507469177246094e-05
0.0057947635650634766
0.0002880096435546875
0.0001571178436279297
5.269050598144531e-05
0.003482818603515625
0.0005357265472412109
0.00010347366333007812
0.006201028823852539
0.000362396240234375
5.650520324707031e-05
0.007229804992675781
0.0005123615264892578
6.222724914550781e-05
0.004452705383300781
0.0006589889526367188
6.198883056640625e-05
0.0034132003784179688
0.0003914833068847656
6.794929504394531e-05
0.007191658020019531
0.00045680999755859375
0.00010824203491210938
0.007726192474365234
0.0005280971527099609
6.532669067382812e-05
0.004892110824584961
0.0006821155548095703
0.004961252212524414
0.0009024143218994141
0.00010991096496582031
0.0037431716918945312
0.0003910064697265625
6.580352783203125e-05
0.003180265426635742
0.0008902549743652344
6.175041198730469e-05
0.0049915313720703125
0.00040841102600097656
7.200241088867188e-05
0.007386684417724609
0.0004105567932128906
6.937980651855469e-05
0.0031478404998779297
0.0009071826934814453
6.604194641113281e-05
0.0073168277740478516
0.0004184246063232422
8.940696716308594e-05
0.0031557083129882812
0.0006654262542724609
0.00012302398681640625
0.0035753250122070312
0.0004317760467529297
9.274482727050781e-05
0.0057909488677978516
0.00043392181396484375
0.00010251998901367188
0.0031087398529052734
0.0006296634674072266
0.00010204315185546875
0.004420042037963867
0.0003070831298828125
6.246566772460938e-05
0.003075122833251953
0.0006568431854248047
0.00011467933654785156
0.00425410270690918
0.0004241466522216797
0.0001010894775390625
5.412101745605469e-05
0.004665851593017578
0.00044798851013183594
0.00011610984802246094
0.006663799285888672
0.0007760524749755859
8.249282836914062e-05
0.003560781478881836
0.0009925365447998047
0.0001125335693359375
6.198883056640625e-05
0.003486156463623047
0.0007083415985107422
0.0001347064971923828
6.437301635742188e-05
0.004672050476074219
0.0007579326629638672
0.0001544952392578125
8.845329284667969e-05
0.003095388412475586
0.0005950927734375
0.00016164779663085938
0.007898330688476562
0.0011413097381591797
0.0001430511474609375
9.298324584960938e-05
0.004676103591918945
0.0004699230194091797
0.0001220703125
0.003416776657104492
0.0004394054412841797
8.893013000488281e-05
0.00714564323425293
0.0003573894500732422
7.867813110351562e-05
0.009107351303100586
0.001789093017578125
0.0001990795135498047
0.008978128433227539
0.0006823539733886719
0.00010728836059570312
0.004897356033325195
0.0003314018249511719
5.7220458984375e-05
0.0030138492584228516
0.0008385181427001953
8.177757263183594e-05
0.005181550979614258
0.0002193450927734375
5.53131103515625e-05
0.0030405521392822266
0.0005600452423095703
0.00010657310485839844
6.246566772460938e-05
0.004410266876220703
0.0005104541778564453
0.00014281272888183594
6.580352783203125e-05
0.0035126209259033203
0.0006482601165771484
5.650520324707031e-05
0.003485441207885742
0.0002720355987548828
5.53131103515625e-05
9  | 58 | 42| 0 | 0.0016811035132482416 | 0.0021921825518312317 
