0.007906198501586914
0.0014591217041015625
0.0006167888641357422
0.00013184547424316406
0.005696535110473633
0.0015838146209716797
8.153915405273438e-05
0.004657268524169922
0.0017895698547363281
0.0002231597900390625
9.179115295410156e-05
0.005201816558837891
0.0012383460998535156
0.00014352798461914062
0.008690357208251953
0.002252817153930664
8.940696716308594e-05
0.004965305328369141
0.0016188621520996094
0.000118255615234375
0.0038704872131347656
0.0007116794586181641
8.96453857421875e-05
0.0086669921875
0.0016014575958251953
0.0001690387725830078
6.914138793945312e-05
0.0053005218505859375
0.0020673274993896484
0.00011992454528808594
0.004103183746337891
0.000997304916381836
0.00014138221740722656
0.0038347244262695312
0.0006957054138183594
9.369850158691406e-05
0.004853010177612305
0.0006668567657470703
0.00012731552124023438
0.0054814815521240234
0.0012993812561035156
0.00012063980102539062
0.0045013427734375
0.0007371902465820312
0.00028228759765625
0.0061724185943603516
0.0008156299591064453
0.0001614093780517578
0.0054912567138671875
0.0007004737854003906
0.00010585784912109375
0.00551152229309082
0.0014486312866210938
6.389617919921875e-05
0.004421234130859375
0.0009109973907470703
0.00028824806213378906
7.176399230957031e-05
0.0044858455657958984
0.001684427261352539
0.00011801719665527344
0.0071604251861572266
0.0009298324584960938
9.703636169433594e-05
0.007636547088623047
0.0022208690643310547
9.179115295410156e-05
0.004823446273803711
0.0005674362182617188
7.62939453125e-05
0.005460262298583984
0.0012540817260742188
0.00024700164794921875
0.007678508758544922
0.0014827251434326172
0.00021028518676757812
0.008056879043579102
0.0015115737915039062
9.036064147949219e-05
0.004073619842529297
0.000885009765625
0.0001556873321533203
5.412101745605469e-05
0.005481243133544922
0.001561880111694336
0.00010442733764648438
0.007166385650634766
0.0011224746704101562
6.0558319091796875e-05
0.0062410831451416016
0.0006513595581054688
8.726119995117188e-05
0.005273342132568359
0.0004703998565673828
0.00018477439880371094
6.604194641113281e-05
0.004832744598388672
0.0006449222564697266
0.0001652240753173828
6.580352783203125e-05
0.007141590118408203
0.0015239715576171875
9.679794311523438e-05
0.008799076080322266
0.0016961097717285156
0.0002968311309814453
0.015753507614135742
0.0027480125427246094
0.00019407272338867188
0.007169008255004883
0.0016717910766601562
9.72747802734375e-05
0.005257368087768555
0.0016803741455078125
0.00011539459228515625
0.004106283187866211
0.0011518001556396484
0.00013494491577148438
6.508827209472656e-05
0.004497051239013672
0.0007824897766113281
0.00012302398681640625
0.0076732635498046875
0.0014405250549316406
8.416175842285156e-05
0.00445866584777832
0.0007188320159912109
0.00017690658569335938
6.103515625e-05
0.00496220588684082
0.0005071163177490234
0.0001270771026611328
0.012329816818237305
0.003917217254638672
0.0003910064697265625
7.700920104980469e-05
0.004170656204223633
0.0009913444519042969
0.0001277923583984375
0.005481243133544922
0.0015189647674560547
0.00010156631469726562
0.004881858825683594
0.0005526542663574219
9.059906005859375e-05
0.004483699798583984
0.001978158950805664
0.0001201629638671875
0.004799604415893555
0.0004906654357910156
0.00014495849609375
0.007170438766479492
0.001130819320678711
6.794929504394531e-05
0.0044133663177490234
0.0015125274658203125
0.00011539459228515625
0.0048143863677978516
0.0008869171142578125
0.00012946128845214844
0.006873369216918945
0.0009412765502929688
0.00013113021850585938
0.0038094520568847656
0.0006921291351318359
8.535385131835938e-05
0.005563020706176758
0.0015294551849365234
0.00010156631469726562
0.004828929901123047
0.0016372203826904297
0.00011563301086425781
0.006868124008178711
0.0011703968048095703
0.00011277198791503906
0.00461125373840332
0.0003418922424316406
9.250640869140625e-05
0.006571769714355469
0.0022356510162353516
0.00010418891906738281
0.0040853023529052734
0.0011360645294189453
0.00014090538024902344
0.005545377731323242
0.0008018016815185547
0.00025582313537597656
0.0045795440673828125
0.0012722015380859375
0.00025725364685058594
0.004530668258666992
0.0006108283996582031
0.0001068115234375
0.009912490844726562
0.0016107559204101562
0.00014638900756835938
0.00551915168762207
0.0015614032745361328
0.0001628398895263672
0.011514663696289062
0.002267599105834961
0.0002834796905517578
0.005997180938720703
0.0009107589721679688
0.00011754035949707031
0.0048427581787109375
0.0016124248504638672
0.00011944770812988281
0.008677005767822266
0.0017256736755371094
0.0002040863037109375
6.079673767089844e-05
0.005393505096435547
0.0012705326080322266
0.00021076202392578125
0.007200956344604492
0.0014338493347167969
9.72747802734375e-05
0.008627176284790039
0.0017151832580566406
0.00021314620971679688
0.006196737289428711
0.0010340213775634766
0.00016760826110839844
0.0070819854736328125
0.0016903877258300781
0.00021409988403320312
0.00549769401550293
0.0015115737915039062
0.00010919570922851562
0.007479190826416016
0.0009379386901855469
0.00010466575622558594
0.005681276321411133
0.0014412403106689453
6.389617919921875e-05
0.0038475990295410156
0.000644683837890625
0.00016450881958007812
6.556510925292969e-05
0.00863027572631836
0.0021948814392089844
8.96453857421875e-05
0.00866556167602539
0.0022606849670410156
9.5367431640625e-05
0.0066106319427490234
0.0015494823455810547
0.0002601146697998047
6.198883056640625e-05
0.0042459964752197266
0.0015976428985595703
0.00013065338134765625
0.008936405181884766
0.0025844573974609375
0.0001087188720703125
0.0045092105865478516
0.0016970634460449219
0.00018978118896484375
6.771087646484375e-05
0.010567665100097656
0.0023469924926757812
0.0001842975616455078
0.010169744491577148
0.002376079559326172
0.00019359588623046875
5.793571472167969e-05
0.008056163787841797
0.002346515655517578
0.00016736984252929688
0.004555702209472656
0.0005540847778320312
0.00013637542724609375
5.745887756347656e-05
0.0044629573822021484
0.0007979869842529297
0.000209808349609375
6.628036499023438e-05
0.004465818405151367
0.0017349720001220703
0.0001232624053955078
0.005514383316040039
0.0007998943328857422
0.00014162063598632812
0.0044438838958740234
0.0011532306671142578
6.365776062011719e-05
0.005246877670288086
0.0005614757537841797
0.00013113021850585938
0.004476785659790039
0.0012652873992919922
0.00012135505676269531
0.0047550201416015625
0.001211404800415039
0.00016164779663085938
0.00828409194946289
0.0013871192932128906
0.0002167224884033203
0.00567173957824707
0.0013065338134765625
0.00017690658569335938
0.008149862289428711
0.002802610397338867
0.0002770423889160156
9.059906005859375e-05
0.008633613586425781
0.0016241073608398438
0.00012254714965820312
0.00448155403137207
0.0017652511596679688
0.0002028942108154297
6.914138793945312e-05
0.0046482086181640625
0.0012695789337158203
0.00025653839111328125
0.0038034915924072266
0.0009260177612304688
0.00024390220642089844
7.033348083496094e-05
4  | 90 | 5| 0 | 0.002395259588956833 | 0.002843755868203416 
