0.009202718734741211
0.0005450248718261719
0.00013208389282226562
0.014431238174438477
0.000766754150390625
0.00014281272888183594
7.176399230957031e-05
0.015559196472167969
0.0008358955383300781
0.00014209747314453125
6.818771362304688e-05
0.015500783920288086
0.0007197856903076172
9.965896606445312e-05
5.2928924560546875e-05
0.006871938705444336
0.00017786026000976562
5.221366882324219e-05
0.006955385208129883
0.0005242824554443359
8.893013000488281e-05
8.392333984375e-05
0.02322530746459961
0.0005779266357421875
0.009022712707519531
0.00036263465881347656
8.392333984375e-05
0.01732635498046875
0.0008950233459472656
0.00012636184692382812
0.010809659957885742
0.000736236572265625
0.014508962631225586
0.0005435943603515625
9.083747863769531e-05
0.0157010555267334
0.0011081695556640625
0.00013899803161621094
5.7697296142578125e-05
0.022663116455078125
0.0003764629364013672
9.226799011230469e-05
0.015338897705078125
0.0003635883331298828
5.4836273193359375e-05
0.014806032180786133
0.0007836818695068359
0.00018715858459472656
6.29425048828125e-05
0.01552891731262207
0.0006666183471679688
0.000148773193359375
6.723403930664062e-05
0.014785528182983398
0.0005640983581542969
6.318092346191406e-05
0.008921623229980469
0.0007586479187011719
0.00011610984802246094
0.03725385665893555
0.0010235309600830078
9.036064147949219e-05
0.014905214309692383
0.00046515464782714844
0.0001163482666015625
0.022434711456298828
0.0004985332489013672
0.00013780593872070312
6.532669067382812e-05
0.013743162155151367
0.0008182525634765625
0.00011682510375976562
0.0068759918212890625
0.00018286705017089844
6.031990051269531e-05
0.01499485969543457
0.00051116943359375
0.013629674911499023
0.0007922649383544922
0.0001709461212158203
0.014317750930786133
0.00038313865661621094
0.00010728836059570312
0.0068471431732177734
0.00017690658569335938
5.412101745605469e-05
0.008994817733764648
0.00032711029052734375
9.441375732421875e-05
0.006890773773193359
0.0003581047058105469
0.014114618301391602
0.0008175373077392578
0.00020766258239746094
7.081031799316406e-05
0.014339685440063477
0.0010955333709716797
0.000141143798828125
5.626678466796875e-05
0.006860017776489258
0.00043702125549316406
0.016005992889404297
0.0003821849822998047
9.560585021972656e-05
6.937980651855469e-05
0.015925884246826172
0.00042724609375
0.00011157989501953125
0.014462947845458984
0.0008883476257324219
0.0001289844512939453
0.011949777603149414
0.0006232261657714844
7.390975952148438e-05
0.02082228660583496
0.0012371540069580078
0.0001742839813232422
0.010579109191894531
0.00037980079650878906
0.00015592575073242188
0.01658916473388672
0.0005962848663330078
5.8650970458984375e-05
0.026093244552612305
0.00045037269592285156
6.532669067382812e-05
0.013800859451293945
0.0002803802490234375
0.00013637542724609375
6.604194641113281e-05
0.013782262802124023
0.0007741451263427734
0.00013375282287597656
6.103515625e-05
0.022503376007080078
0.00044155120849609375
7.557868957519531e-05
0.013912200927734375
0.00038552284240722656
0.00011754035949707031
0.0069179534912109375
0.0001900196075439453
8.7738037109375e-05
0.023877382278442383
0.0004658699035644531
0.00011682510375976562
6.842613220214844e-05
0.01488637924194336
0.00035572052001953125
5.817413330078125e-05
0.014650821685791016
0.0004947185516357422
0.00011730194091796875
6.270408630371094e-05
0.015278339385986328
0.0005309581756591797
0.00012135505676269531
6.365776062011719e-05
0.014710426330566406
0.0005228519439697266
6.198883056640625e-05
0.013801813125610352
0.0003387928009033203
0.0001277923583984375
8.296966552734375e-05
0.022968053817749023
0.0003561973571777344
0.00010442733764648438
0.015486955642700195
0.0007963180541992188
0.00011396408081054688
6.4849853515625e-05
0.014351367950439453
0.0008275508880615234
0.00016689300537109375
0.013946294784545898
0.0007531642913818359
0.0001361370086669922
5.459785461425781e-05
0.00883793830871582
0.0002777576446533203
8.463859558105469e-05
0.01536703109741211
0.0004055500030517578
6.866455078125e-05
0.014212608337402344
0.0005013942718505859
0.00012302398681640625
0.014265775680541992
0.0005273818969726562
0.013870000839233398
0.00043010711669921875
0.00010204315185546875
5.555152893066406e-05
0.015002727508544922
0.0005278587341308594
5.5789947509765625e-05
0.013812780380249023
0.0007572174072265625
5.841255187988281e-05
0.015770912170410156
0.0008475780487060547
8.440017700195312e-05
0.013797283172607422
0.0008587837219238281
0.00018095970153808594
0.016623973846435547
0.0004520416259765625
0.00013589859008789062
0.008945465087890625
0.0007462501525878906
0.0001068115234375
0.019997358322143555
0.0010209083557128906
0.00012373924255371094
7.677078247070312e-05
0.008922576904296875
0.00032329559326171875
9.202957153320312e-05
0.014805316925048828
0.0004532337188720703
0.00010204315185546875
0.008933782577514648
0.0007436275482177734
9.918212890625e-05
0.014970541000366211
0.0005242824554443359
0.00012230873107910156
6.604194641113281e-05
0.013818740844726562
0.0004220008850097656
6.532669067382812e-05
0.009779930114746094
0.0008020401000976562
9.775161743164062e-05
0.015539407730102539
0.0008306503295898438
0.0001709461212158203
7.176399230957031e-05
0.006880998611450195
0.0003523826599121094
0.014090538024902344
0.0011451244354248047
0.0001742839813232422
5.793571472167969e-05
0.008911371231079102
0.00030040740966796875
0.00010347366333007812
0.01564955711364746
0.0003991127014160156
7.43865966796875e-05
0.009940624237060547
0.0003333091735839844
0.00012993812561035156
0.016459941864013672
0.0004982948303222656
6.246566772460938e-05
0.013669967651367188
0.0007805824279785156
0.0001342296600341797
0.016607046127319336
0.00037550926208496094
6.365776062011719e-05
0.01418304443359375
0.0011591911315917969
0.0002052783966064453
6.4849853515625e-05
0.014893293380737305
0.001016855239868164
0.00014829635620117188
6.937980651855469e-05
0.016803979873657227
0.0008783340454101562
0.0001380443572998047
0.01362919807434082
0.0005173683166503906
0.016362428665161133
0.00038051605224609375
6.127357482910156e-05
0.006916999816894531
0.00043654441833496094
0.013659954071044922
0.0004191398620605469
0.0001418590545654297
7.367134094238281e-05
0.01364755630493164
0.0005512237548828125
0.0001430511474609375
0.026189804077148438
0.0005152225494384766
0.014819860458374023
0.00038814544677734375
5.745887756347656e-05
0.014760494232177734
0.0018343925476074219
0.0001461505889892578
7.867813110351562e-05
0.01541280746459961
0.0008335113525390625
0.00014138221740722656
0.015275716781616211
0.0005271434783935547
0.00013113021850585938
0.013677597045898438
0.0008144378662109375
0.0001201629638671875
6.461143493652344e-05
0.014003992080688477
0.0007646083831787109
0.00011420249938964844
0.014111518859863281
0.0007920265197753906
0.00011301040649414062
0.019080162048339844
0.0008847713470458984
0.01574873924255371
0.0007364749908447266
0.00010728836059570312
8  | 70 | 30| 0 | 0.004779927385678081 | 0.0070881303177883674 
