0.0020940303802490234
0.0011472702026367188
0.0001621246337890625
7.343292236328125e-05
0.0034461021423339844
0.0009403228759765625
0.00016427040100097656
0.0026702880859375
0.0002703666687011719
8.726119995117188e-05
0.002660989761352539
0.0003750324249267578
0.000125885009765625
0.0019752979278564453
0.0012273788452148438
5.245208740234375e-05
0.0026090145111083984
0.0009860992431640625
0.0001277923583984375
0.0025637149810791016
0.0008947849273681641
0.00012421607971191406
0.002590656280517578
0.0008063316345214844
5.650520324707031e-05
0.002686023712158203
0.0007474422454833984
0.00010347366333007812
0.0029134750366210938
0.0009071826934814453
0.00011086463928222656
6.723403930664062e-05
0.002653360366821289
0.0015628337860107422
0.00024080276489257812
0.002468109130859375
0.0008885860443115234
0.0001671314239501953
0.0019578933715820312
0.0003712177276611328
0.00012946128845214844
0.0023653507232666016
0.0012192726135253906
0.0003368854522705078
6.079673767089844e-05
0.002568483352661133
0.0010836124420166016
0.00020551681518554688
6.198883056640625e-05
0.0024161338806152344
0.0009195804595947266
0.00015044212341308594
6.771087646484375e-05
0.0018262863159179688
0.0009098052978515625
0.00014638900756835938
6.389617919921875e-05
0.0023610591888427734
0.0011126995086669922
6.318092346191406e-05
0.0026810169219970703
0.0015561580657958984
0.0002777576446533203
0.0031647682189941406
0.00107574462890625
0.00034737586975097656
9.655952453613281e-05
0.0023241043090820312
0.0006887912750244141
0.00015878677368164062
0.002568960189819336
0.0009043216705322266
0.00010800361633300781
5.745887756347656e-05
0.002550363540649414
0.0007252693176269531
5.14984130859375e-05
0.0019307136535644531
0.000522613525390625
0.00021076202392578125
5.8650970458984375e-05
0.0038003921508789062
0.0008931159973144531
9.369850158691406e-05
0.002596616744995117
0.0009970664978027344
0.0001468658447265625
0.0018949508666992188
0.0008392333984375
0.0001404285430908203
0.003118753433227539
0.0005285739898681641
0.00028824806213378906
7.081031799316406e-05
0.0019125938415527344
0.0008118152618408203
0.00010228157043457031
0.0026984214782714844
0.0009319782257080078
0.00013303756713867188
0.0018360614776611328
0.0007839202880859375
6.318092346191406e-05
0.0019164085388183594
0.001130819320678711
0.00025916099548339844
6.628036499023438e-05
0.002441883087158203
0.0008184909820556641
0.00012350082397460938
0.0023937225341796875
0.0008356571197509766
0.00011491775512695312
0.0026547908782958984
0.0007314682006835938
0.0003070831298828125
6.532669067382812e-05
0.0018815994262695312
0.0007317066192626953
0.00013136863708496094
8.630752563476562e-05
0.002318859100341797
0.00037384033203125
0.0001709461212158203
0.003592252731323242
0.0008976459503173828
0.00013208389282226562
5.2928924560546875e-05
0.0018346309661865234
0.0009081363677978516
0.00015044212341308594
0.003185749053955078
0.0012116432189941406
0.00011944770812988281
0.0020074844360351562
0.0007452964782714844
7.152557373046875e-05
0.002579927444458008
0.0008144378662109375
8.058547973632812e-05
0.0018825531005859375
0.0009369850158691406
0.0001513957977294922
0.002556324005126953
0.00028634071350097656
0.00012922286987304688
0.002680540084838867
0.0016179084777832031
0.0002040863037109375
0.003181934356689453
0.0011072158813476562
0.0001442432403564453
0.0019235610961914062
0.0011217594146728516
0.00010418891906738281
0.002368450164794922
0.0009484291076660156
0.00013947486877441406
0.002572774887084961
0.0009799003601074219
0.00019121170043945312
7.224082946777344e-05
0.0020711421966552734
0.0003108978271484375
0.00013136863708496094
0.003058195114135742
0.0008556842803955078
0.00018548965454101562
0.002354145050048828
0.0007162094116210938
8.797645568847656e-05
0.0018994808197021484
0.0008897781372070312
0.00013566017150878906
0.0019826889038085938
0.0009429454803466797
9.274482727050781e-05
0.0019419193267822266
0.0008575916290283203
0.00025081634521484375
0.00010538101196289062
0.0019893646240234375
0.00029468536376953125
0.00012373924255371094
0.0019421577453613281
0.0005354881286621094
0.00010704994201660156
0.0026917457580566406
0.0010082721710205078
6.008148193359375e-05
0.0023217201232910156
0.0008959770202636719
0.00012421607971191406
0.003145456314086914
0.0010402202606201172
9.298324584960938e-05
0.0031595230102539062
0.0006518363952636719
0.00012230873107910156
0.0023927688598632812
0.000286102294921875
0.00012063980102539062
0.0019152164459228516
0.0010800361633300781
0.00010752677917480469
0.0023179054260253906
0.0008993148803710938
9.179115295410156e-05
0.002048492431640625
0.0008523464202880859
0.00013494491577148438
0.0027129650115966797
0.00026869773864746094
8.392333984375e-05
0.0026798248291015625
0.0010802745819091797
0.0001251697540283203
0.0026047229766845703
0.001371145248413086
8.821487426757812e-05
5.8650970458984375e-05
0.0022230148315429688
0.0008225440979003906
9.608268737792969e-05
0.002605438232421875
0.0009720325469970703
0.0001773834228515625
5.650520324707031e-05
0.0023186206817626953
0.0009069442749023438
0.00012564659118652344
0.0025606155395507812
0.00028324127197265625
0.00012350082397460938
0.0019071102142333984
0.0009076595306396484
6.985664367675781e-05
0.0026063919067382812
0.0007579326629638672
7.534027099609375e-05
0.002742290496826172
0.0015342235565185547
0.00014901161193847656
0.0019373893737792969
0.0005452632904052734
0.0002334117889404297
7.128715515136719e-05
0.0018887519836425781
0.0009257793426513672
6.461143493652344e-05
0.0025899410247802734
0.00025153160095214844
9.1552734375e-05
0.0019500255584716797
0.0009415149688720703
7.82012939453125e-05
0.0025522708892822266
0.0009076595306396484
0.0001342296600341797
0.002595186233520508
0.00032830238342285156
0.000225067138671875
6.604194641113281e-05
0.0019261837005615234
0.0010976791381835938
0.00012493133544921875
0.002820253372192383
0.0002562999725341797
7.414817810058594e-05
0.0031516551971435547
0.0009760856628417969
6.365776062011719e-05
0.0026619434356689453
0.0010716915130615234
0.00012969970703125
0.0025548934936523438
0.00023674964904785156
0.0001010894775390625
0.0026514530181884766
0.0003218650817871094
0.00012493133544921875
0.0029604434967041016
0.0018153190612792969
0.00015997886657714844
0.0023534297943115234
0.0014424324035644531
0.00018286705017089844
0.0019516944885253906
0.0009176731109619141
0.0001163482666015625
0.0026397705078125
0.0015223026275634766
0.00016736984252929688
6.318092346191406e-05
0.0025501251220703125
0.0002751350402832031
0.00010204315185546875
0.0018455982208251953
0.0008394718170166016
0.00016832351684570312
0.0019345283508300781
0.0003139972686767578
0.0001468658447265625
0.0034933090209960938
0.0011844635009765625
0.0001900196075439453
0.0027074813842773438
0.0015778541564941406
8.249282836914062e-05
0.0031888484954833984
0.0006620883941650391
0.0001704692840576172
0.0026388168334960938
0.000396728515625
0.0001785755157470703
8.511543273925781e-05
0.004058837890625
0.0016677379608154297
0.0003018379211425781
0.00011301040649414062
0.004657745361328125
0.0009815692901611328
0.00017499923706054688
3  | 88 | 10| 1 | 0.0010908661242978123 | 0.0010541483215210986 
