0.008383750915527344
0.0016376972198486328
0.0003154277801513672
5.245208740234375e-05
0.0072956085205078125
0.001873016357421875
8.130073547363281e-05
0.008974075317382812
0.0009570121765136719
0.00021767616271972656
0.00791478157043457
0.0032196044921875
0.00032210350036621094
5.173683166503906e-05
0.008483171463012695
0.0006618499755859375
0.0002589225769042969
0.007369518280029297
0.0020339488983154297
9.703636169433594e-05
0.008276939392089844
0.0014183521270751953
0.00016832351684570312
0.007425785064697266
0.0010874271392822266
0.00013685226440429688
0.0075070858001708984
0.0014972686767578125
6.270408630371094e-05
0.007874727249145508
0.001737833023071289
9.34600830078125e-05
0.007952213287353516
0.0017976760864257812
0.0001354217529296875
5.125999450683594e-05
0.008995294570922852
0.0014553070068359375
0.00019431114196777344
0.0071659088134765625
0.0014600753784179688
5.14984130859375e-05
0.007140159606933594
0.0010933876037597656
0.0002727508544921875
0.008718729019165039
0.0025482177734375
0.00010251998901367188
0.008726835250854492
0.002496480941772461
0.0001437664031982422
0.007135868072509766
0.0010902881622314453
0.00016069412231445312
0.008173465728759766
0.0020918846130371094
8.320808410644531e-05
0.007400989532470703
0.0022683143615722656
6.4849853515625e-05
0.007910490036010742
0.0015425682067871094
5.269050598144531e-05
0.0070650577545166016
0.002551555633544922
0.00012230873107910156
0.007104396820068359
0.0018706321716308594
9.226799011230469e-05
0.00739288330078125
0.0009713172912597656
0.000209808349609375
0.007065296173095703
0.00044798851013183594
0.00013327598571777344
0.007825136184692383
0.0017783641815185547
8.153915405273438e-05
0.007684946060180664
0.002657175064086914
0.0001163482666015625
0.0070209503173828125
0.0009865760803222656
0.0004982948303222656
6.437301635742188e-05
0.007792234420776367
0.0015926361083984375
0.00013685226440429688
0.00818324089050293
0.0017800331115722656
0.0003573894500732422
6.198883056640625e-05
0.0075151920318603516
0.002031564712524414
0.0001499652862548828
0.0072400569915771484
0.0005342960357666016
0.00017213821411132812
0.007082939147949219
0.0006124973297119141
0.00031948089599609375
0.0072174072265625
0.0015339851379394531
0.0003631114959716797
6.67572021484375e-05
0.00801706314086914
0.0015571117401123047
5.6743621826171875e-05
0.01095438003540039
0.001852273941040039
0.00021028518676757812
0.009346723556518555
0.0017833709716796875
8.535385131835938e-05
0.00721287727355957
0.0016155242919921875
0.00017189979553222656
0.009379863739013672
0.0022788047790527344
6.771087646484375e-05
0.007172584533691406
0.0016133785247802734
0.00031185150146484375
6.842613220214844e-05
0.008357524871826172
0.0024361610412597656
8.511543273925781e-05
0.007353067398071289
0.0015609264373779297
0.0003173351287841797
7.82012939453125e-05
0.008602619171142578
0.0010986328125
0.0001952648162841797
0.007933855056762695
0.001461029052734375
0.00015211105346679688
0.007261753082275391
0.0009946823120117188
0.000213623046875
0.0072002410888671875
0.0015904903411865234
0.00024271011352539062
0.00790858268737793
0.001991748809814453
6.0558319091796875e-05
0.007857561111450195
0.0018491744995117188
0.0003094673156738281
5.173683166503906e-05
0.0071675777435302734
0.0005497932434082031
0.0002009868621826172
0.007191896438598633
0.0009591579437255859
0.00018930435180664062
0.007050275802612305
0.0015659332275390625
0.0005407333374023438
6.508827209472656e-05
0.007169008255004883
0.002258777618408203
0.0003292560577392578
7.462501525878906e-05
0.007974863052368164
0.001970052719116211
0.00014209747314453125
0.0071408748626708984
0.001971721649169922
0.00012445449829101562
0.007857799530029297
0.0023033618927001953
9.799003601074219e-05
0.007953166961669922
0.000993490219116211
0.00029277801513671875
0.007126331329345703
0.0019919872283935547
0.00013303756713867188
0.007820844650268555
0.0006549358367919922
0.0002262592315673828
6.103515625e-05
0.007886648178100586
0.0008118152618408203
0.00014352798461914062
0.008027791976928711
0.0018711090087890625
0.000141143798828125
0.007864952087402344
0.0014178752899169922
0.0001628398895263672
0.011054515838623047
0.002535104751586914
0.0003268718719482422
0.007937431335449219
0.0006437301635742188
0.00016045570373535156
0.011777162551879883
0.0004699230194091797
0.00022077560424804688
7.557868957519531e-05
0.007946014404296875
0.0017459392547607422
0.0001327991485595703
0.00819253921508789
0.0020799636840820312
0.0001671314239501953
0.008148908615112305
0.0008199214935302734
0.0001380443572998047
0.007804155349731445
0.0006463527679443359
0.00015020370483398438
0.008000612258911133
0.0022754669189453125
0.0001475811004638672
0.007880210876464844
0.002088785171508789
0.00015044212341308594
0.007828712463378906
0.0020704269409179688
0.00017380714416503906
0.00785207748413086
0.0014603137969970703
0.00020003318786621094
0.007638692855834961
0.0006232261657714844
0.00015354156494140625
0.007150173187255859
0.0016071796417236328
0.00017833709716796875
0.00906062126159668
0.0009050369262695312
5.7220458984375e-05
0.008187532424926758
0.002077341079711914
0.0001266002655029297
5.817413330078125e-05
0.0071713924407958984
0.0014472007751464844
0.00018668174743652344
0.007218360900878906
0.0017325878143310547
0.0002167224884033203
0.008020162582397461
0.0006432533264160156
0.0003521442413330078
0.008154153823852539
0.0005242824554443359
9.298324584960938e-05
0.008060932159423828
0.0019505023956298828
0.0001475811004638672
0.007203102111816406
0.0016224384307861328
5.3882598876953125e-05
0.007127523422241211
0.0014328956604003906
0.0001919269561767578
0.0071201324462890625
0.0006873607635498047
0.00032782554626464844
0.007699728012084961
0.0008096694946289062
8.7738037109375e-05
0.007120370864868164
0.0015411376953125
5.745887756347656e-05
0.007853984832763672
0.0020835399627685547
6.151199340820312e-05
0.007184743881225586
0.0018925666809082031
0.0001366138458251953
0.00754094123840332
0.0006117820739746094
0.00020503997802734375
4.935264587402344e-05
0.007121086120605469
0.0015988349914550781
0.00030684471130371094
6.246566772460938e-05
0.007853269577026367
0.0019063949584960938
9.655952453613281e-05
5.054473876953125e-05
0.0071489810943603516
0.0016391277313232422
0.0001461505889892578
0.007028102874755859
0.00044155120849609375
0.00012755393981933594
0.007074832916259766
0.0015392303466796875
0.0005309581756591797
6.175041198730469e-05
0.007953882217407227
0.0009829998016357422
0.00024628639221191406
0.007204294204711914
0.0006365776062011719
0.0001995563507080078
0.007704496383666992
0.0004584789276123047
0.00014352798461914062
0.007243156433105469
0.001628875732421875
9.703636169433594e-05
0.007983922958374023
0.00194549560546875
0.0003266334533691406
6.723403930664062e-05
0.007476806640625
0.0018019676208496094
0.0001571178436279297
5.91278076171875e-05
0.00795435905456543
0.0022764205932617188
0.000152587890625
3 | 5 | 93 | 1 | 0.0029782168567180634 | 0.0033584204686979056 
