0.07836508750915527
0.0005371570587158203
8.130073547363281e-05
6.508827209472656e-05
0.08335661888122559
0.002595663070678711
5.4836273193359375e-05
0.05782008171081543
0.0007596015930175781
0.10199236869812012
0.00287628173828125
0.00011539459228515625
6.127357482910156e-05
0.0880279541015625
0.0032558441162109375
0.00010776519775390625
6.985664367675781e-05
0.0767362117767334
0.001336812973022461
0.00011777877807617188
0.09920239448547363
0.003634214401245117
9.822845458984375e-05
7.724761962890625e-05
0.08027100563049316
0.0007750988006591797
9.012222290039062e-05
5.793571472167969e-05
0.07272219657897949
0.0005261898040771484
7.367134094238281e-05
0.11097550392150879
0.0007865428924560547
0.0842900276184082
0.0010497570037841797
0.00015425682067871094
0.056386470794677734
0.0016090869903564453
5.340576171875e-05
0.08371901512145996
0.0006153583526611328
5.841255187988281e-05
0.09084820747375488
0.00194549560546875
5.555152893066406e-05
0.08871221542358398
0.004133462905883789
0.0003695487976074219
0.00010848045349121094
0.07258200645446777
0.00258636474609375
0.00014352798461914062
7.343292236328125e-05
0.0738976001739502
0.0003921985626220703
6.580352783203125e-05
0.07454442977905273
0.0006456375122070312
0.00011706352233886719
6.508827209472656e-05
0.09299707412719727
0.0005080699920654297
5.340576171875e-05
0.08402037620544434
0.003253936767578125
0.00013899803161621094
5.030632019042969e-05
0.08984231948852539
0.001707315444946289
0.00015091896057128906
6.866455078125e-05
0.05668377876281738
0.0003733634948730469
0.08403658866882324
0.0017442703247070312
9.083747863769531e-05
0.07408380508422852
0.0017426013946533203
0.0001068115234375
0.07850933074951172
0.003140687942504883
0.00034046173095703125
7.939338684082031e-05
0.08437132835388184
0.0005373954772949219
5.7697296142578125e-05
0.0858314037322998
0.0009326934814453125
0.07311820983886719
0.0003883838653564453
5.8650970458984375e-05
0.07336163520812988
0.0008878707885742188
0.00010991096496582031
0.08962702751159668
0.0010495185852050781
0.00013303756713867188
0.07293248176574707
0.0017096996307373047
5.7697296142578125e-05
0.08382892608642578
0.0009148120880126953
5.7697296142578125e-05
0.07225155830383301
0.0008018016815185547
0.00011181831359863281
6.341934204101562e-05
0.08484935760498047
0.0024852752685546875
5.698204040527344e-05
0.07737493515014648
0.0012576580047607422
0.00010251998901367188
6.103515625e-05
0.08399581909179688
0.0018172264099121094
5.173683166503906e-05
0.0757138729095459
0.002508401870727539
5.841255187988281e-05
0.07551217079162598
0.0005211830139160156
5.412101745605469e-05
0.09047222137451172
0.002527475357055664
6.341934204101562e-05
0.0843052864074707
0.0028231143951416016
6.270408630371094e-05
0.08782482147216797
0.001238107681274414
5.245208740234375e-05
0.10230827331542969
0.001043081283569336
0.00013566017150878906
0.07468414306640625
0.0027141571044921875
0.00014352798461914062
6.413459777832031e-05
0.08838248252868652
0.0002841949462890625
5.0067901611328125e-05
0.08617377281188965
0.0021102428436279297
5.9604644775390625e-05
0.07220101356506348
0.0021724700927734375
0.00016641616821289062
6.246566772460938e-05
0.08080172538757324
0.0017113685607910156
5.793571472167969e-05
0.08963894844055176
0.0021517276763916016
0.00020313262939453125
6.556510925292969e-05
0.07253384590148926
0.0015404224395751953
8.535385131835938e-05
6.580352783203125e-05
0.09959697723388672
0.0005023479461669922
8.559226989746094e-05
0.059626102447509766
0.0027685165405273438
9.250640869140625e-05
0.0912008285522461
0.0012652873992919922
0.00019693374633789062
5.269050598144531e-05
0.09309267997741699
0.0010828971862792969
0.07400918006896973
0.0017290115356445312
0.00014591217041015625
0.07720518112182617
0.0006330013275146484
8.845329284667969e-05
0.07375001907348633
0.0024306774139404297
0.00012373924255371094
5.0067901611328125e-05
0.05610346794128418
0.0007958412170410156
0.09135198593139648
0.0030372142791748047
7.2479248046875e-05
0.08879232406616211
0.002174854278564453
0.0001678466796875
5.435943603515625e-05
0.09922599792480469
0.003664255142211914
0.0001220703125
5.53131103515625e-05
0.05606436729431152
0.0003581047058105469
5.4836273193359375e-05
0.07247161865234375
0.0012853145599365234
8.034706115722656e-05
0.07920050621032715
0.0008795261383056641
0.0836646556854248
0.0030374526977539062
0.00022292137145996094
7.224082946777344e-05
0.0890800952911377
0.002155303955078125
0.00014972686767578125
0.07139253616333008
0.0020666122436523438
0.00012755393981933594
6.628036499023438e-05
0.07277059555053711
0.002481698989868164
0.0001544952392578125
7.104873657226562e-05
0.08245587348937988
0.002989053726196289
0.0002455711364746094
7.43865966796875e-05
0.07404422760009766
0.00038504600524902344
0.08705377578735352
0.0005240440368652344
5.4836273193359375e-05
0.09117841720581055
0.0018270015716552734
5.5789947509765625e-05
0.07190656661987305
0.001682281494140625
5.4836273193359375e-05
0.08688831329345703
0.0031223297119140625
0.00010561943054199219
5.7220458984375e-05
0.07210183143615723
0.001760244369506836
9.393692016601562e-05
0.07141852378845215
0.0014681816101074219
0.0001342296600341797
0.07374334335327148
0.0010945796966552734
0.08523297309875488
0.0018928050994873047
5.6743621826171875e-05
0.10092544555664062
0.0012581348419189453
6.198883056640625e-05
0.08185362815856934
0.0012891292572021484
0.00011134147644042969
6.031990051269531e-05
0.08549642562866211
0.0026082992553710938
0.00011491775512695312
5.698204040527344e-05
0.07344818115234375
0.0005316734313964844
0.00011730194091796875
0.07313060760498047
0.0029871463775634766
0.0001761913299560547
7.081031799316406e-05
0.0732731819152832
0.002186298370361328
0.00013065338134765625
0.07341504096984863
0.003631114959716797
0.0001285076141357422
6.389617919921875e-05
0.08521127700805664
0.0009045600891113281
5.602836608886719e-05
0.07329559326171875
0.0025298595428466797
0.00020575523376464844
5.125999450683594e-05
0.08763265609741211
0.0021648406982421875
0.00013184547424316406
0.0740668773651123
0.0010654926300048828
5.316734313964844e-05
0.08436703681945801
0.0010039806365966797
0.0001533031463623047
0.07522416114807129
0.002035379409790039
0.00012683868408203125
0.07329344749450684
0.002577543258666992
7.534027099609375e-05
4.887580871582031e-05
0.08944201469421387
0.0018723011016845703
5.125999450683594e-05
0.07306027412414551
0.001711130142211914
0.00010752677917480469
6.818771362304688e-05
0.08980774879455566
0.002182483673095703
0.0001571178436279297
0.0730888843536377
0.0005943775177001953
9.179115295410156e-05
0.12311792373657227
0.003090381622314453
0.00020766258239746094
5.269050598144531e-05
0.0878446102142334
0.004556417465209961
0.000278472900390625
0.00012373924255371094
0.0899658203125
0.0029120445251464844
5.984306335449219e-05
0.10124921798706055
0.002115488052368164
9.894371032714844e-05
0.06323814392089844
0.0002944469451904297
5.340576171875e-05
9 | 42 | 58 | 0 | 0.025500057665116947 | 0.03764801631182784 
