0.025531530380249023
0.0005936622619628906
0.00010848045349121094
0.025880098342895508
0.0012171268463134766
0.00016355514526367188
0.019052743911743164
0.0024788379669189453
0.00033545494079589844
6.914138793945312e-05
0.02784252166748047
0.0030946731567382812
7.390975952148438e-05
0.027782678604125977
0.00535273551940918
0.00014734268188476562
0.027049541473388672
0.003273487091064453
0.0003674030303955078
7.271766662597656e-05
0.026499509811401367
0.00286865234375
0.0002727508544921875
5.364418029785156e-05
0.033757686614990234
0.0038268566131591797
0.00029850006103515625
0.027478694915771484
0.0047149658203125
0.0002315044403076172
5.340576171875e-05
0.03152203559875488
0.002810239791870117
0.00011706352233886719
0.019837617874145508
0.0022735595703125
0.0002853870391845703
7.176399230957031e-05
0.03536820411682129
0.004150390625
0.00013375282287597656
0.025129079818725586
0.0011675357818603516
0.0003247261047363281
5.888938903808594e-05
0.03138089179992676
0.0023894309997558594
0.0002315044403076172
6.794929504394531e-05
0.03528308868408203
0.0032312870025634766
0.00013566017150878906
0.025324106216430664
0.0028204917907714844
0.0001316070556640625
0.0375974178314209
0.003998994827270508
0.00015020370483398438
0.028252840042114258
0.0031795501708984375
0.0002689361572265625
0.03354978561401367
0.003841876983642578
0.00023698806762695312
6.914138793945312e-05
0.029749631881713867
0.003147602081298828
0.0002567768096923828
0.03343963623046875
0.0038721561431884766
0.00016355514526367188
0.02726435661315918
0.0009822845458984375
9.1552734375e-05
0.028122425079345703
0.0030219554901123047
6.389617919921875e-05
0.027429580688476562
0.0018157958984375
0.00020241737365722656
0.029112815856933594
0.0038759708404541016
0.00012159347534179688
0.05137372016906738
0.004450559616088867
0.00014352798461914062
0.019049644470214844
0.0005605220794677734
6.031990051269531e-05
0.029589414596557617
0.003627300262451172
0.00017690658569335938
5.340576171875e-05
0.03880667686462402
0.0030472278594970703
0.00025844573974609375
0.026474952697753906
0.0017180442810058594
0.0002143383026123047
0.036966562271118164
0.0023784637451171875
6.031990051269531e-05
0.027062177658081055
0.0032815933227539062
0.0001666545867919922
5.269050598144531e-05
0.02699899673461914
0.0019426345825195312
0.00013947486877441406
0.02823472023010254
0.0013856887817382812
0.00015306472778320312
0.025585651397705078
0.0027053356170654297
0.0003025531768798828
8.654594421386719e-05
0.033579111099243164
0.0057294368743896484
0.00013756752014160156
0.028594255447387695
0.0013022422790527344
0.00018525123596191406
0.04581928253173828
0.0016744136810302734
0.00021505355834960938
0.019272804260253906
0.0017156600952148438
0.000141143798828125
6.771087646484375e-05
0.027375459671020508
0.005586147308349609
0.00031948089599609375
6.151199340820312e-05
0.035431623458862305
0.0017430782318115234
0.00034737586975097656
6.628036499023438e-05
0.035225629806518555
0.0032384395599365234
0.00016999244689941406
4.935264587402344e-05
0.03443479537963867
0.003813028335571289
0.0001220703125
0.02696681022644043
0.0031278133392333984
0.00033211708068847656
0.0358128547668457
0.0030193328857421875
0.00012993812561035156
0.026459932327270508
0.0008952617645263672
0.00016045570373535156
7.843971252441406e-05
0.019606590270996094
0.0012021064758300781
0.00011658668518066406
0.03375673294067383
0.004050254821777344
0.00021529197692871094
0.027788162231445312
0.003803730010986328
0.00014734268188476562
5.9604644775390625e-05
0.036055803298950195
0.0028328895568847656
0.00011277198791503906
0.03717827796936035
0.004992485046386719
0.0002090930938720703
0.05109453201293945
0.0021915435791015625
0.00022459030151367188
0.038038015365600586
0.003977298736572266
0.00022864341735839844
0.025847673416137695
0.0038213729858398438
0.00010204315185546875
0.03773951530456543
0.003197193145751953
0.00017189979553222656
0.026404857635498047
0.0012311935424804688
0.0001728534698486328
0.026290178298950195
0.0027742385864257812
0.00012087821960449219
0.026369333267211914
0.0039520263671875
0.0003757476806640625
6.365776062011719e-05
0.035434722900390625
0.001051187515258789
6.246566772460938e-05
0.04692554473876953
0.003961801528930664
9.226799011230469e-05
0.04046368598937988
0.0024123191833496094
6.151199340820312e-05
0.026704788208007812
0.001003265380859375
0.00015735626220703125
0.03491568565368652
0.004415273666381836
0.0002448558807373047
7.224082946777344e-05
0.027474403381347656
0.0016641616821289062
0.00029659271240234375
5.1975250244140625e-05
0.0281069278717041
0.0015261173248291016
0.00016880035400390625
0.026269912719726562
0.0010175704956054688
0.0003304481506347656
6.127357482910156e-05
0.02862548828125
0.0031480789184570312
0.00019478797912597656
0.033316612243652344
0.004483461380004883
0.0001380443572998047
0.0351560115814209
0.003378629684448242
8.988380432128906e-05
0.041802167892456055
0.002634763717651367
0.0001404285430908203
0.029011964797973633
0.0031795501708984375
0.00031280517578125
0.027682065963745117
0.0033826828002929688
0.0001976490020751953
0.03415632247924805
0.0026679039001464844
5.841255187988281e-05
0.028043508529663086
0.003630399703979492
0.00023484230041503906
5.340576171875e-05
0.027196645736694336
0.0032186508178710938
0.00025725364685058594
0.028289318084716797
0.0029366016387939453
0.00012755393981933594
0.03368639945983887
0.00648951530456543
0.0002353191375732422
0.03928112983703613
0.003327608108520508
0.0004444122314453125
6.437301635742188e-05
0.025312423706054688
0.0010867118835449219
0.00015592575073242188
0.027077436447143555
0.0009677410125732422
0.00018858909606933594
0.038462162017822266
0.0034027099609375
0.0002129077911376953
0.026467084884643555
0.003217935562133789
0.0002474784851074219
0.029027700424194336
0.0010416507720947266
0.0001239776611328125
0.027099132537841797
0.0009613037109375
0.0001628398895263672
0.025229454040527344
0.004369497299194336
9.465217590332031e-05
0.026551485061645508
0.002304553985595703
0.00010371208190917969
0.026166200637817383
0.0012087821960449219
8.535385131835938e-05
0.03404974937438965
0.003988981246948242
0.0001914501190185547
0.03737497329711914
0.0032117366790771484
0.00017547607421875
5.030632019042969e-05
0.025749921798706055
0.0015034675598144531
0.00015020370483398438
0.0359950065612793
0.00350189208984375
0.00015234947204589844
6.651878356933594e-05
0.03350186347961426
0.003406524658203125
0.00022029876708984375
0.02716541290283203
0.002915620803833008
0.00017118453979492188
0.03343057632446289
0.004435539245605469
0.000186920166015625
0.019103050231933594
0.0005440711975097656
0.00019478797912597656
5.125999450683594e-05
0.02633500099182129
0.002846240997314453
0.000152587890625
0.026336669921875
0.002777576446533203
0.0001533031463623047
0.04069972038269043
0.001725912094116211
0.0001246929168701172
0.02646613121032715
0.0012249946594238281
0.00013756752014160156
0.0271303653717041
0.0037653446197509766
0.00026535987854003906
5.91278076171875e-05
4 | 6 | 91 | 0 | 0.010290327422115782 | 0.014000461746368585 
