0.17884349822998047
0.0014159679412841797
0.00015854835510253906
0.14508748054504395
0.0031757354736328125
0.0001735687255859375
0.1380329132080078
0.0011563301086425781
0.00022101402282714844
0.12717938423156738
0.002542257308959961
0.00015401840209960938
0.11364603042602539
0.0038385391235351562
0.0001373291015625
0.12484860420227051
0.0018792152404785156
9.942054748535156e-05
0.12930822372436523
0.003480195999145508
0.00010657310485839844
0.07883453369140625
0.002468585968017578
6.532669067382812e-05
0.14467597007751465
0.003328084945678711
9.179115295410156e-05
0.12308788299560547
0.0026178359985351562
0.00017023086547851562
0.17897415161132812
0.002470731735229492
0.0001735687255859375
0.11416196823120117
0.0028581619262695312
0.00014543533325195312
6.365776062011719e-05
0.18540668487548828
0.0019402503967285156
0.00015211105346679688
0.12048792839050293
0.0012249946594238281
0.00014543533325195312
0.11252427101135254
0.001138925552368164
0.00010824203491210938
0.17934465408325195
0.0025298595428466797
0.00010371208190917969
0.12153172492980957
0.003415346145629883
0.00012373924255371094
0.12053275108337402
0.003423929214477539
0.00012373924255371094
0.11844015121459961
0.001924276351928711
0.00011491775512695312
0.12445664405822754
0.0011277198791503906
0.00013780593872070312
0.07828187942504883
0.0007352828979492188
9.512901306152344e-05
0.11574244499206543
0.002056598663330078
0.00012183189392089844
0.12568092346191406
0.0027523040771484375
0.00022864341735839844
6.604194641113281e-05
0.1838846206665039
0.004577159881591797
0.000148773193359375
0.13360810279846191
0.003772735595703125
0.00011706352233886719
0.07884979248046875
0.002427339553833008
0.000156402587890625
5.221366882324219e-05
0.11298727989196777
0.000978231430053711
0.00010371208190917969
0.1437063217163086
0.0032570362091064453
0.0002827644348144531
0.08280110359191895
0.0019409656524658203
0.0001468658447265625
9.202957153320312e-05
0.13117551803588867
0.0013251304626464844
0.00017189979553222656
6.842613220214844e-05
0.1559278964996338
0.0004940032958984375
0.00011157989501953125
6.0558319091796875e-05
0.12123870849609375
0.001976490020751953
7.82012939453125e-05
0.18273234367370605
0.0030972957611083984
0.00017261505126953125
0.12347888946533203
0.001916646957397461
5.5789947509765625e-05
0.08117389678955078
0.0006611347198486328
6.222724914550781e-05
0.16416549682617188
0.002668619155883789
0.00012922286987304688
6.842613220214844e-05
0.11907792091369629
0.0011234283447265625
0.00020551681518554688
0.14343667030334473
0.0018563270568847656
0.00014495849609375
0.14343643188476562
0.0017807483673095703
0.00012993812561035156
0.19394659996032715
0.001967906951904297
0.00010085105895996094
0.15542888641357422
0.0019431114196777344
0.00011563301086425781
0.1118478775024414
0.0009295940399169922
9.226799011230469e-05
0.1481029987335205
0.0019078254699707031
0.00016260147094726562
0.1136176586151123
0.0016071796417236328
0.00014829635620117188
0.1256711483001709
0.0020227432250976562
0.000152587890625
0.07879638671875
0.0007410049438476562
7.486343383789062e-05
0.1446685791015625
0.0033431053161621094
0.00010466575622558594
0.1384444236755371
0.003141164779663086
0.0001850128173828125
0.17212677001953125
0.0037512779235839844
0.00012493133544921875
0.14102411270141602
0.002608060836791992
0.0001442432403564453
0.11174368858337402
0.0008938312530517578
9.942054748535156e-05
0.1116635799407959
0.0009911060333251953
0.00015544891357421875
0.07980990409851074
0.0024886131286621094
6.747245788574219e-05
0.11247992515563965
0.001016855239868164
0.00021886825561523438
5.793571472167969e-05
0.16420769691467285
0.003523588180541992
0.0001742839813232422
0.1421222686767578
0.0018343925476074219
0.00015497207641601562
7.891654968261719e-05
0.07852506637573242
0.0007452964782714844
0.00010561943054199219
0.13737940788269043
0.0032470226287841797
0.0002193450927734375
0.16591548919677734
0.003178119659423828
0.00011444091796875
0.18794655799865723
0.0031685829162597656
0.00013065338134765625
0.1782209873199463
0.0038919448852539062
0.0001838207244873047
4.935264587402344e-05
0.11736035346984863
0.0033740997314453125
8.487701416015625e-05
0.14904522895812988
0.0019311904907226562
0.00015401840209960938
0.18239068984985352
0.003141164779663086
0.00024771690368652344
0.1804184913635254
0.002497434616088867
0.0001068115234375
0.12772130966186523
0.0013434886932373047
0.00015115737915039062
0.13871121406555176
0.0033409595489501953
0.00010991096496582031
0.0783388614654541
0.00257110595703125
5.340576171875e-05
0.12567567825317383
0.002743959426879883
8.034706115722656e-05
0.15932369232177734
0.0013692378997802734
0.00010704994201660156
0.12488174438476562
0.0015876293182373047
0.00017118453979492188
0.07992792129516602
0.0007562637329101562
0.00012040138244628906
0.1287240982055664
0.0019505023956298828
0.00013399124145507812
0.1644446849822998
0.0017900466918945312
7.128715515136719e-05
0.13776326179504395
0.0031538009643554688
0.00015807151794433594
0.17978739738464355
0.0025238990783691406
8.463859558105469e-05
0.12070608139038086
0.0028197765350341797
0.00027441978454589844
0.00010085105895996094
0.15046238899230957
0.0019178390502929688
0.0001316070556640625
0.1164712905883789
0.0034101009368896484
0.00011348724365234375
0.14185023307800293
0.0009179115295410156
9.059906005859375e-05
0.16425490379333496
0.0032105445861816406
0.00014662742614746094
0.07843542098999023
0.0006642341613769531
5.650520324707031e-05
0.16370844841003418
0.002598285675048828
0.00015544891357421875
0.13921833038330078
0.003152132034301758
0.00018906593322753906
0.12791037559509277
0.003337383270263672
9.799003601074219e-05
0.12534618377685547
0.002492666244506836
8.368492126464844e-05
0.1817305088043213
0.003346681594848633
0.00011467933654785156
0.11482810974121094
0.0004951953887939453
0.00011849403381347656
0.12441420555114746
0.001546621322631836
9.799003601074219e-05
0.1138603687286377
0.0008959770202636719
0.0001285076141357422
0.11383891105651855
0.000988006591796875
0.00012254714965820312
0.08060169219970703
0.0032978057861328125
7.700920104980469e-05
0.12171483039855957
0.003778696060180664
0.00012350082397460938
0.14618897438049316
0.0019617080688476562
0.00016379356384277344
5.173683166503906e-05
0.13088154792785645
0.0009808540344238281
0.00011897087097167969
0.12221312522888184
0.0034453868865966797
0.00010657310485839844
0.17141962051391602
0.002730846405029297
0.000186920166015625
0.00011658668518066406
0.15670037269592285
0.0018630027770996094
0.0001468658447265625
0.14523649215698242
0.0026073455810546875
0.0001499652862548828
0.19821929931640625
0.002697467803955078
6.508827209472656e-05
6 | 11 | 89 | 0 | 0.043638843317001394 | 0.06437714340682749 
