0.15140318870544434
0.0025436878204345703
0.00018906593322753906
0.20116448402404785
0.0021581649780273438
6.389617919921875e-05
0.15039515495300293
0.0030274391174316406
0.00019025802612304688
0.14507126808166504
0.0013210773468017578
0.0001304149627685547
0.18420982360839844
0.0009996891021728516
9.822845458984375e-05
0.16399168968200684
0.0014591217041015625
0.00015592575073242188
0.19803452491760254
0.002470254898071289
0.0001227855682373047
6.413459777832031e-05
0.16995978355407715
0.0021288394927978516
9.822845458984375e-05
0.15802955627441406
0.0006463527679443359
0.00011801719665527344
0.13427400588989258
0.00042629241943359375
6.914138793945312e-05
0.15732717514038086
0.0005207061767578125
0.00011420249938964844
0.19670319557189941
0.00373077392578125
0.000171661376953125
5.269050598144531e-05
0.15128016471862793
0.002229928970336914
0.00011682510375976562
0.18117451667785645
0.004990339279174805
0.00011587142944335938
5.2928924560546875e-05
0.1454610824584961
0.0015118122100830078
0.000156402587890625
0.1031653881072998
0.0009143352508544922
0.10357475280761719
0.0008864402770996094
5.269050598144531e-05
0.16241192817687988
0.003232240676879883
0.00018286705017089844
0.15205931663513184
0.0015261173248291016
0.00013184547424316406
0.15539813041687012
0.0008592605590820312
0.00013685226440429688
0.15782451629638672
0.0012722015380859375
0.00012731552124023438
0.15088725090026855
0.0021550655364990234
0.00013494491577148438
0.15049099922180176
0.0019292831420898438
0.0001938343048095703
0.21114182472229004
0.0014681816101074219
0.0001518726348876953
0.1653285026550293
0.0009570121765136719
0.00016689300537109375
5.817413330078125e-05
0.10286927223205566
0.0015783309936523438
5.7220458984375e-05
0.16443324089050293
0.0012958049774169922
0.0001595020294189453
6.29425048828125e-05
0.1672205924987793
0.004921913146972656
0.00014829635620117188
9.5367431640625e-05
0.14949440956115723
0.0026116371154785156
0.00022459030151367188
6.413459777832031e-05
0.15437865257263184
0.002935647964477539
0.00010824203491210938
0.1903069019317627
0.0010004043579101562
5.340576171875e-05
0.14687681198120117
0.0007987022399902344
0.00012874603271484375
0.18251895904541016
0.0010151863098144531
6.365776062011719e-05
0.15485095977783203
0.0029888153076171875
0.00022292137145996094
5.078315734863281e-05
0.1038510799407959
0.0005242824554443359
5.5789947509765625e-05
0.19925451278686523
0.003735780715942383
0.0001201629638671875
0.18107175827026367
0.0006556510925292969
0.0001068115234375
0.14592409133911133
0.002220630645751953
0.00018286705017089844
0.16589927673339844
0.0021467208862304688
0.00014090538024902344
6.771087646484375e-05
0.18314909934997559
0.0006487369537353516
0.00010728836059570312
5.841255187988281e-05
0.18364882469177246
0.0006563663482666016
0.00010967254638671875
0.18116140365600586
0.0016865730285644531
5.6743621826171875e-05
0.20458555221557617
0.0024857521057128906
6.175041198730469e-05
0.163682222366333
0.0010085105895996094
0.000125885009765625
5.435943603515625e-05
0.15523052215576172
0.002949237823486328
0.00023055076599121094
6.4849853515625e-05
0.19907832145690918
0.0014307498931884766
5.626678466796875e-05
0.17992448806762695
0.0010085105895996094
6.29425048828125e-05
0.16759967803955078
0.0023376941680908203
0.00012063980102539062
9.107589721679688e-05
0.20602822303771973
0.0018622875213623047
6.818771362304688e-05
0.1520824432373047
0.0021452903747558594
0.0001704692840576172
0.16538190841674805
0.0021381378173828125
0.00021409988403320312
0.14487171173095703
0.0005314350128173828
0.00012135505676269531
7.152557373046875e-05
0.1570131778717041
0.0009531974792480469
0.16989350318908691
0.0017790794372558594
0.15102863311767578
0.0009090900421142578
0.0003147125244140625
0.16243672370910645
0.0018351078033447266
0.00010061264038085938
0.14909648895263672
0.0015385150909423828
0.00014066696166992188
0.1518263816833496
0.0008759498596191406
0.0001583099365234375
0.1934964656829834
0.0006673336029052734
0.0001583099365234375
0.195570707321167
0.002502918243408203
6.4849853515625e-05
0.18213820457458496
0.0018036365509033203
5.340576171875e-05
0.1036520004272461
0.0005257129669189453
5.602836608886719e-05
0.1981949806213379
0.0015320777893066406
6.532669067382812e-05
0.14487099647521973
0.0006623268127441406
0.00012922286987304688
0.15945053100585938
0.002639293670654297
0.00021648406982421875
6.0558319091796875e-05
0.18536090850830078
0.002450704574584961
5.91278076171875e-05
0.14584755897521973
0.0008671283721923828
0.0001323223114013672
0.14530181884765625
0.0014164447784423828
0.0001423358917236328
0.16066956520080566
0.0012679100036621094
0.0001227855682373047
0.1659541130065918
0.0014872550964355469
0.21200346946716309
0.0029180049896240234
0.00010347366333007812
0.14603042602539062
0.0022389888763427734
0.00014352798461914062
0.194305419921875
0.0005309581756591797
9.584426879882812e-05
0.17989754676818848
0.0008101463317871094
0.00013518333435058594
0.15433883666992188
0.0022220611572265625
0.0001323223114013672
0.12934422492980957
0.0021572113037109375
7.677078247070312e-05
0.1585841178894043
0.0014598369598388672
0.0001499652862548828
0.16995978355407715
0.002236604690551758
0.00010347366333007812
0.19702506065368652
0.0017163753509521484
0.00013637542724609375
6.532669067382812e-05
0.17591023445129395
0.0017595291137695312
5.245208740234375e-05
0.15741515159606934
0.0021064281463623047
0.00012063980102539062
5.1975250244140625e-05
0.15526127815246582
0.0030107498168945312
0.000179290771484375
6.580352783203125e-05
0.1051936149597168
0.001314401626586914
0.00018310546875
5.269050598144531e-05
0.16228771209716797
0.002872467041015625
9.560585021972656e-05
6.508827209472656e-05
0.10379433631896973
0.0015628337860107422
6.318092346191406e-05
0.17785048484802246
0.0017323493957519531
0.00016498565673828125
5.316734313964844e-05
0.1817789077758789
0.002488851547241211
0.00021791458129882812
6.222724914550781e-05
0.15741419792175293
0.001001596450805664
0.00016450881958007812
0.10425472259521484
0.0009167194366455078
5.984306335449219e-05
0.1981821060180664
0.004221916198730469
0.0001518726348876953
6.818771362304688e-05
0.1694796085357666
0.0008938312530517578
0.14516544342041016
0.0018203258514404297
0.00011157989501953125
0.16621875762939453
0.0025033950805664062
5.3882598876953125e-05
0.159271240234375
0.0026035308837890625
0.0001232624053955078
5.817413330078125e-05
0.18133068084716797
0.0017437934875488281
6.67572021484375e-05
0.16322684288024902
0.0017666816711425781
0.1832423210144043
0.0027832984924316406
0.0002186298370361328
5.555152893066406e-05
0.10391426086425781
0.0007870197296142578
0.00014925003051757812
0.11220860481262207
0.000911712646484375
6.771087646484375e-05
0.16533803939819336
0.003489255905151367
0.00021266937255859375
7 | 23 | 77 | 0 | 0.05134993959743775 | 0.07613337094950368 
