0.0807805061340332
0.0034742355346679688
0.00010514259338378906
0.06109952926635742
0.0023279190063476562
0.0001506805419921875
5.91278076171875e-05
0.08803224563598633
0.000461578369140625
9.369850158691406e-05
0.08488774299621582
0.0022368431091308594
0.00013136863708496094
5.459785461425781e-05
0.12354660034179688
0.006006002426147461
0.0004322528839111328
0.0001494884490966797
0.0648796558380127
0.003374338150024414
0.00017905235290527344
0.00010251998901367188
0.05772757530212402
0.0007772445678710938
0.00016689300537109375
0.08232593536376953
0.0010581016540527344
0.00020432472229003906
5.0067901611328125e-05
0.08090496063232422
0.0008902549743652344
0.00010824203491210938
0.07434868812561035
0.0022356510162353516
0.00025653839111328125
6.866455078125e-05
0.07987141609191895
0.0024993419647216797
0.00011324882507324219
0.0814971923828125
0.0010859966278076172
8.797645568847656e-05
0.0835413932800293
0.00404047966003418
0.00021982192993164062
6.29425048828125e-05
0.0935518741607666
0.0025861263275146484
0.00014662742614746094
0.09519004821777344
0.004913330078125
0.00017595291137695312
7.557868957519531e-05
0.08672833442687988
0.0005161762237548828
0.00011014938354492188
6.008148193359375e-05
0.09217643737792969
0.002496004104614258
6.437301635742188e-05
0.09286808967590332
0.00437474250793457
0.00016498565673828125
0.08581781387329102
0.004219532012939453
0.00013518333435058594
9.369850158691406e-05
0.08346104621887207
0.004713296890258789
0.00015783309936523438
6.0558319091796875e-05
0.07799696922302246
0.004302024841308594
0.00016355514526367188
0.057791948318481445
0.0004420280456542969
5.125999450683594e-05
0.13123106956481934
0.001810312271118164
0.00014400482177734375
0.08371114730834961
0.004620790481567383
0.0001468658447265625
0.09221529960632324
0.00455474853515625
0.00019502639770507812
0.09121131896972656
0.0022475719451904297
0.000171661376953125
0.09571170806884766
0.0018429756164550781
0.000286102294921875
0.08148455619812012
0.003554105758666992
9.918212890625e-05
0.07256937026977539
0.0027801990509033203
6.937980651855469e-05
0.0756227970123291
0.003991365432739258
0.00021648406982421875
6.175041198730469e-05
0.07465767860412598
0.0012614727020263672
0.00010013580322265625
0.08378958702087402
0.002152681350708008
0.00023508071899414062
0.10483360290527344
0.0008823871612548828
0.00010514259338378906
6.437301635742188e-05
0.07446098327636719
0.0012753009796142578
0.0002269744873046875
6.818771362304688e-05
0.07431960105895996
0.0021905899047851562
0.00010323524475097656
0.07316780090332031
0.0027849674224853516
0.0001544952392578125
6.413459777832031e-05
0.09649038314819336
0.0014681816101074219
0.00016236305236816406
0.09233975410461426
0.0040857791900634766
9.703636169433594e-05
0.09330964088439941
0.0044612884521484375
0.00017261505126953125
0.07312655448913574
0.0015141963958740234
0.0001933574676513672
5.745887756347656e-05
0.09660863876342773
0.0015249252319335938
0.0001480579376220703
0.0871434211730957
0.002599477767944336
0.00013709068298339844
0.09049630165100098
0.003640890121459961
0.00012087821960449219
0.09851694107055664
0.004681110382080078
0.00019168853759765625
0.07584142684936523
0.004073619842529297
0.00015211105346679688
7.748603820800781e-05
0.10107970237731934
0.004542112350463867
0.00011444091796875
0.07551121711730957
0.003670930862426758
0.00012087821960449219
0.08460068702697754
0.0017232894897460938
0.00014662742614746094
0.0747535228729248
0.0044209957122802734
0.0002505779266357422
0.09061169624328613
0.004941701889038086
0.0002491474151611328
7.915496826171875e-05
0.07306671142578125
0.0012323856353759766
8.988380432128906e-05
0.08606147766113281
0.0013294219970703125
0.0001957416534423828
0.08151459693908691
0.0046002864837646484
0.00013709068298339844
0.07927608489990234
0.0008790493011474609
9.417533874511719e-05
0.08581900596618652
0.004007577896118164
0.0001366138458251953
9.036064147949219e-05
0.07425689697265625
0.0014734268188476562
0.000164031982421875
0.08186721801757812
0.004568576812744141
0.00012183189392089844
0.08680939674377441
0.006747722625732422
0.00010228157043457031
0.058233022689819336
0.0007607936859130859
5.626678466796875e-05
0.07661843299865723
0.0020055770874023438
0.00016641616821289062
0.08104681968688965
0.0013828277587890625
9.822845458984375e-05
0.08783769607543945
0.0033905506134033203
0.00011205673217773438
0.07671523094177246
0.00402069091796875
0.00019288063049316406
0.08191776275634766
0.0014014244079589844
0.0002162456512451172
7.033348083496094e-05
0.09321045875549316
0.001062154769897461
0.0001087188720703125
0.11935210227966309
0.004346132278442383
0.00017642974853515625
7.200241088867188e-05
0.1021735668182373
0.002026081085205078
0.00020956993103027344
0.13233566284179688
0.0032956600189208984
0.00020766258239746094
0.09441351890563965
0.004938602447509766
0.00014591217041015625
0.0723569393157959
0.0044286251068115234
0.00017189979553222656
5.316734313964844e-05
0.058899879455566406
0.0031440258026123047
7.486343383789062e-05
0.08386778831481934
0.0032455921173095703
0.0002238750457763672
6.604194641113281e-05
0.07561397552490234
0.001978635787963867
0.00011539459228515625
0.060639142990112305
0.0014560222625732422
0.000133514404296875
6.580352783203125e-05
0.0814061164855957
0.0034720897674560547
0.00011205673217773438
0.09682178497314453
0.004513263702392578
0.00016355514526367188
0.07592558860778809
0.004369258880615234
0.00016236305236816406
8.177757263183594e-05
0.09069013595581055
0.003454446792602539
0.00024175643920898438
0.00011467933654785156
0.05832719802856445
0.00045371055603027344
5.841255187988281e-05
0.07407450675964355
0.0013608932495117188
0.00013899803161621094
5.793571472167969e-05
0.07485437393188477
0.0035085678100585938
0.000244140625
6.365776062011719e-05
0.09678077697753906
0.0038259029388427734
9.012222290039062e-05
0.05845069885253906
0.0014455318450927734
0.00013971328735351562
0.05869412422180176
0.0007638931274414062
0.00017070770263671875
0.06040453910827637
0.0030829906463623047
8.130073547363281e-05
0.09791922569274902
0.002786397933959961
7.62939453125e-05
0.05925893783569336
0.0022826194763183594
0.000209808349609375
6.4849853515625e-05
0.11331963539123535
0.0017199516296386719
0.00016546249389648438
6.222724914550781e-05
0.0722050666809082
0.002718210220336914
0.00010848045349121094
0.08183526992797852
0.004669666290283203
0.00016427040100097656
6.914138793945312e-05
0.09575939178466797
0.004580020904541016
0.0001881122589111328
0.07430434226989746
0.004069328308105469
0.00018930435180664062
6.318092346191406e-05
0.10053873062133789
0.0026197433471679688
0.0001678466796875
7.367134094238281e-05
0.07289576530456543
0.002189159393310547
0.000118255615234375
0.07416391372680664
0.0012331008911132812
0.00021505355834960938
6.67572021484375e-05
0.09435677528381348
0.004647254943847656
0.00011444091796875
0.0749204158782959
0.0017676353454589844
0.00012445449829101562
0.07420134544372559
0.001728057861328125
0.00017070770263671875
0.09919333457946777
0.005712270736694336
0.0002028942108154297
0.0802316665649414
0.001978635787963867
0.00011348724365234375
5 | 21 | 79 | 0 | 0.025888149609822712 | 0.03851424517414598 
