0.15264320373535156
0.001016378402709961
6.437301635742188e-05
0.12241339683532715
0.0017230510711669922
0.1220240592956543
0.00142669677734375
0.00010991096496582031
0.12325286865234375
0.0010213851928710938
0.00014162063598632812
0.1204671859741211
0.002961397171020508
0.0001659393310546875
6.67572021484375e-05
0.12156033515930176
0.0024962425231933594
0.00018405914306640625
0.14708948135375977
0.003708362579345703
0.00014519691467285156
0.12297224998474121
0.0009891986846923828
0.00012445449829101562
0.15200448036193848
0.0023865699768066406
5.3882598876953125e-05
0.0866539478302002
0.000286102294921875
0.0001373291015625
5.745887756347656e-05
0.13760828971862793
0.006006956100463867
0.0001926422119140625
9.1552734375e-05
0.11884737014770508
0.00052642822265625
0.00011467933654785156
0.0895695686340332
0.0005185604095458984
0.00010895729064941406
0.14506888389587402
0.003127574920654297
0.00021696090698242188
7.176399230957031e-05
0.08307909965515137
0.0005056858062744141
5.459785461425781e-05
0.12121081352233887
0.0007278919219970703
0.00011038780212402344
0.1131293773651123
0.0022499561309814453
0.00020885467529296875
5.173683166503906e-05
0.12378716468811035
0.002630949020385742
0.00014209747314453125
6.842613220214844e-05
0.17622137069702148
0.0028371810913085938
0.0001087188720703125
5.435943603515625e-05
0.12776875495910645
0.0016281604766845703
0.0002181529998779297
0.12232136726379395
0.0006453990936279297
8.821487426757812e-05
0.13828611373901367
0.0017082691192626953
6.747245788574219e-05
0.13694000244140625
0.0027642250061035156
0.00010848045349121094
7.081031799316406e-05
0.12082195281982422
0.00103759765625
0.0001399517059326172
0.13571929931640625
0.0025033950805664062
9.059906005859375e-05
5.817413330078125e-05
0.11961531639099121
0.0017631053924560547
0.00011181831359863281
5.054473876953125e-05
0.07961082458496094
0.0004899501800537109
0.1338489055633545
0.0017375946044921875
5.3882598876953125e-05
0.12376713752746582
0.0014491081237792969
0.00013375282287597656
0.12323760986328125
0.00067138671875
0.00016307830810546875
8.654594421386719e-05
0.08016657829284668
0.0009024143218994141
7.367134094238281e-05
6.866455078125e-05
0.13041377067565918
0.0009260177612304688
6.961822509765625e-05
0.11617350578308105
0.0014181137084960938
0.0001399517059326172
0.1391904354095459
0.0024809837341308594
5.745887756347656e-05
0.1257946491241455
0.0026688575744628906
0.000213623046875
6.151199340820312e-05
0.14716649055480957
0.002435922622680664
5.9604644775390625e-05
0.11633419990539551
0.0009493827819824219
0.0001430511474609375
0.07836556434631348
0.0005099773406982422
6.937980651855469e-05
0.11274552345275879
0.0022225379943847656
0.00022411346435546875
0.15062189102172852
0.0014286041259765625
6.031990051269531e-05
0.12527179718017578
0.0017430782318115234
0.0001614093780517578
0.15003132820129395
0.0009708404541015625
0.00013709068298339844
0.12354731559753418
0.0012972354888916016
0.0001277923583984375
0.12071585655212402
0.0010786056518554688
0.00017404556274414062
0.12416505813598633
0.0005350112915039062
0.12241482734680176
0.0012998580932617188
0.00011992454528808594
0.12485098838806152
0.000911712646484375
6.389617919921875e-05
0.12133049964904785
0.0021653175354003906
0.00016450881958007812
7.05718994140625e-05
0.11435556411743164
0.0029129981994628906
0.00015473365783691406
0.1318373680114746
0.0007519721984863281
0.00011706352233886719
5.054473876953125e-05
0.12395906448364258
0.0018303394317626953
6.413459777832031e-05
0.1143960952758789
0.002235889434814453
0.00014281272888183594
6.723403930664062e-05
0.15067100524902344
0.003800630569458008
0.00016927719116210938
6.866455078125e-05
0.11288237571716309
0.0005617141723632812
0.11545181274414062
0.0008602142333984375
0.0001881122589111328
0.12298130989074707
0.0009419918060302734
6.771087646484375e-05
0.1378917694091797
0.0017497539520263672
5.6743621826171875e-05
0.11630940437316895
0.001798868179321289
0.00010967254638671875
0.1228799819946289
0.0017957687377929688
5.817413330078125e-05
0.1282949447631836
0.0016810894012451172
5.7697296142578125e-05
0.11577177047729492
0.0014433860778808594
0.000133514404296875
0.08855605125427246
0.0015516281127929688
0.00011539459228515625
0.1289973258972168
0.0021800994873046875
0.00021576881408691406
5.221366882324219e-05
0.12039995193481445
0.0006477832794189453
9.655952453613281e-05
0.1658494472503662
0.0010094642639160156
5.1021575927734375e-05
0.1526503562927246
0.0035772323608398438
0.00013303756713867188
6.413459777832031e-05
0.12293028831481934
0.0021805763244628906
0.00022530555725097656
9.512901306152344e-05
0.1145620346069336
0.0012810230255126953
0.0001385211944580078
0.11632180213928223
0.00039577484130859375
0.00010132789611816406
0.07877397537231445
0.0010297298431396484
5.602836608886719e-05
0.16319561004638672
0.002767801284790039
7.987022399902344e-05
0.16045069694519043
0.001550436019897461
7.128715515136719e-05
0.12266850471496582
0.001745462417602539
0.00016736984252929688
5.4836273193359375e-05
0.14624285697937012
0.0014095306396484375
6.914138793945312e-05
0.11706209182739258
0.0014641284942626953
0.0001366138458251953
0.12399458885192871
0.0009281635284423828
0.12646150588989258
0.002936840057373047
0.0002276897430419922
6.127357482910156e-05
0.11878395080566406
0.0018029212951660156
0.00011968612670898438
0.11985111236572266
0.0017783641815185547
0.00011444091796875
6.580352783203125e-05
0.11969351768493652
0.0017266273498535156
9.489059448242188e-05
0.12697672843933105
0.002193927764892578
0.0001251697540283203
0.14612102508544922
0.001558065414428711
5.5789947509765625e-05
0.1538677215576172
0.0026116371154785156
0.00027561187744140625
0.00011777877807617188
0.1368415355682373
0.0005474090576171875
9.322166442871094e-05
0.12224149703979492
0.0007383823394775391
0.1261608600616455
0.0006482601165771484
9.131431579589844e-05
0.12184381484985352
0.001295328140258789
9.489059448242188e-05
0.11307835578918457
0.0006437301635742188
0.000118255615234375
0.12386155128479004
0.0010304450988769531
0.00013208389282226562
0.12283921241760254
0.0031270980834960938
0.0002071857452392578
5.6743621826171875e-05
0.11524367332458496
0.0014200210571289062
0.00012540817260742188
0.11482810974121094
0.002258777618408203
0.0001323223114013672
0.12314462661743164
0.0010037422180175781
0.00013566017150878906
0.13557887077331543
0.0006418228149414062
9.965896606445312e-05
0.12349438667297363
0.002594470977783203
5.5789947509765625e-05
0.11691761016845703
0.0005691051483154297
0.14500689506530762
0.0009319782257080078
5.340576171875e-05
0.15235042572021484
0.0025932788848876953
6.580352783203125e-05
0.12494516372680664
0.0007543563842773438
0.00012254714965820312
7.724761962890625e-05
0.1369786262512207
0.0006515979766845703
0.00011658668518066406
6.341934204101562e-05
8 | 28 | 72 | 0 | 0.0397593691945076 | 0.05869348804650638 
