0.00047779083251953125
0.00020432472229003906
0.00017142295837402344
5.984306335449219e-05
0.00025343894958496094
0.00022602081298828125
6.031990051269531e-05
0.0002608299255371094
0.0002167224884033203
0.0001621246337890625
0.00010061264038085938
0.000293731689453125
0.00020074844360351562
0.00017642974853515625
0.0002582073211669922
0.00020837783813476562
0.0002682209014892578
0.0002579689025878906
0.00019359588623046875
0.0001304149627685547
0.00023317337036132812
0.00018072128295898438
0.00012183189392089844
0.00023865699768066406
0.00017499923706054688
0.00013375282287597656
0.00024390220642089844
0.000232696533203125
6.270408630371094e-05
0.0002617835998535156
0.0001838207244873047
0.00012063980102539062
0.0002663135528564453
0.0001983642578125
9.512901306152344e-05
0.0002765655517578125
0.00021529197692871094
5.3882598876953125e-05
0.00026035308837890625
0.00019812583923339844
9.298324584960938e-05
0.00027060508728027344
0.00021696090698242188
9.083747863769531e-05
0.0003209114074707031
0.00018072128295898438
0.00013446807861328125
0.0002808570861816406
0.00018596649169921875
0.00016546249389648438
0.00010919570922851562
0.0002911090850830078
0.0002751350402832031
0.00018739700317382812
0.00012159347534179688
0.0002810955047607422
0.0001976490020751953
0.00014591217041015625
0.0002582073211669922
0.00019812583923339844
6.198883056640625e-05
0.00026106834411621094
0.00019121170043945312
0.00015616416931152344
5.316734313964844e-05
0.0002532005310058594
0.0002396106719970703
0.0001621246337890625
9.083747863769531e-05
0.00028896331787109375
0.0001919269561767578
0.0001442432403564453
0.00026226043701171875
0.00020647048950195312
5.91278076171875e-05
0.0003120899200439453
0.0002129077911376953
0.00016164779663085938
0.0004150867462158203
0.00022363662719726562
0.00021910667419433594
0.00028443336486816406
0.00022792816162109375
0.00012445449829101562
0.00029587745666503906
0.0002315044403076172
0.00014543533325195312
0.00045943260192871094
0.0002155303955078125
0.00022268295288085938
7.224082946777344e-05
0.00029754638671875
0.0002079010009765625
0.00016021728515625
0.0002751350402832031
0.00021004676818847656
0.0001659393310546875
0.00029397010803222656
0.000225067138671875
0.00012445449829101562
0.0003085136413574219
0.00023937225341796875
0.00014448165893554688
0.0002846717834472656
0.0002357959747314453
0.00013756752014160156
0.00027108192443847656
0.0001964569091796875
9.846687316894531e-05
0.00030517578125
0.00023674964904785156
0.00011038780212402344
0.00047326087951660156
0.00021696090698242188
0.0001685619354248047
0.00045180320739746094
0.0003342628479003906
0.00022912025451660156
0.000293731689453125
0.00020742416381835938
0.00017142295837402344
0.00042748451232910156
0.0003120899200439453
0.00043964385986328125
0.00028395652770996094
0.0002422332763671875
0.00013875961303710938
0.0002713203430175781
0.00020503997802734375
0.00014352798461914062
0.0002598762512207031
0.00025010108947753906
0.0001518726348876953
9.918212890625e-05
0.0002789497375488281
0.00019860267639160156
0.00016164779663085938
0.000102996826171875
0.0002765655517578125
0.00023293495178222656
8.749961853027344e-05
0.0003104209899902344
0.00023055076599121094
0.00019931793212890625
0.0005104541778564453
0.00020885467529296875
0.00015664100646972656
0.00046944618225097656
0.00032639503479003906
0.00018453598022460938
8.654594421386719e-05
0.00028514862060546875
0.00020599365234375
0.0004582405090332031
0.0004191398620605469
0.0003352165222167969
0.00012087821960449219
0.0004227161407470703
0.0002944469451904297
0.00017523765563964844
0.0002758502960205078
0.0002219676971435547
0.00014352798461914062
0.0002818107604980469
0.00019502639770507812
0.000148773193359375
0.00038886070251464844
0.0002541542053222656
0.0001678466796875
0.00027108192443847656
0.0002446174621582031
0.00015997886657714844
0.0002913475036621094
0.00022077560424804688
7.867813110351562e-05
0.0003132820129394531
0.00019598007202148438
0.00014352798461914062
0.00032138824462890625
0.0002532005310058594
0.00016450881958007812
0.00010204315185546875
0.00025916099548339844
0.00018668174743652344
0.00014972686767578125
0.00025534629821777344
0.000179290771484375
0.00012540817260742188
0.00023818016052246094
0.00018167495727539062
0.00013446807861328125
0.0002765655517578125
0.00019931793212890625
0.00016260147094726562
0.0002720355987548828
0.00018453598022460938
0.00014495849609375
5.14984130859375e-05
0.00027823448181152344
0.0002090930938720703
9.417533874511719e-05
0.00027823448181152344
0.00021386146545410156
0.0001506805419921875
0.0002856254577636719
0.0001900196075439453
0.00013518333435058594
0.0002579689025878906
0.0002086162567138672
0.00013399124145507812
9.655952453613281e-05
0.00028252601623535156
0.0001862049102783203
0.0001251697540283203
0.00031948089599609375
0.00022792816162109375
7.653236389160156e-05
0.0002865791320800781
0.0002384185791015625
0.0001125335693359375
0.0002694129943847656
0.0001926422119140625
0.0001513957977294922
0.0003070831298828125
0.0002117156982421875
0.00017690658569335938
9.179115295410156e-05
0.00029540061950683594
0.0002472400665283203
0.00014328956604003906
0.0002930164337158203
0.00020003318786621094
0.00014281272888183594
0.0002980232238769531
0.00020003318786621094
0.00011587142944335938
0.0003120899200439453
0.00023603439331054688
0.0001437664031982422
0.00029206275939941406
0.00022292137145996094
0.00016617774963378906
0.00010824203491210938
0.0003070831298828125
0.00025272369384765625
0.00013709068298339844
0.0002779960632324219
0.00019097328186035156
0.00013446807861328125
0.00028014183044433594
0.0001995563507080078
0.00015473365783691406
0.0001068115234375
0.0003001689910888672
0.00022602081298828125
0.00014901161193847656
0.00030159950256347656
0.00022554397583007812
0.00010061264038085938
0.0002834796905517578
0.0001926422119140625
0.00014400482177734375
0.00029540061950683594
0.00020360946655273438
0.0001666545867919922
6.461143493652344e-05
0.00030159950256347656
0.00022101402282714844
0.00013184547424316406
0.0003008842468261719
0.00024056434631347656
0.00012040138244628906
0.00031256675720214844
0.0002105236053466797
0.00015163421630859375
0.00043654441833496094
0.00019741058349609375
0.00014352798461914062
0.0002980232238769531
0.00020647048950195312
0.00013375282287597656
0.000301361083984375
0.0002143383026123047
0.00015282630920410156
0.0003292560577392578
0.00020003318786621094
0.00017189979553222656
0.0002956390380859375
0.00025010108947753906
0.0001761913299560547
0.00031185150146484375
0.0001933574676513672
0.00014209747314453125
0.00025582313537597656
0.000217437744140625
0.000118255615234375
0.0002696514129638672
0.0001842975616455078
0.00016570091247558594
0.00010776519775390625
0.000293731689453125
0.00019407272338867188
0.0001246929168701172
0.0002696514129638672
0.0001819133758544922
0.00012254714965820312
0.0002925395965576172
0.0002079010009765625
0.00016999244689941406
8.893013000488281e-05
0.0002574920654296875
0.00021195411682128906
9.250640869140625e-05
0.0003085136413574219
0.0002980232238769531
0.00013875961303710938
0.0002493858337402344
0.00019240379333496094
0.0001685619354248047
9.34600830078125e-05
1 | 1 | 89 | 10 | 0.0002143353223800659 | 8.451971830931998e-05 
