0.002513408660888672
0.00063323974609375
0.00019097328186035156
7.271766662597656e-05
0.0014536380767822266
0.00028824806213378906
0.0002536773681640625
9.298324584960938e-05
0.001455545425415039
0.0008366107940673828
0.00017189979553222656
0.0013318061828613281
0.0008156299591064453
0.00033736228942871094
5.91278076171875e-05
0.0013251304626464844
0.0007238388061523438
0.00015974044799804688
0.0013422966003417969
0.0005209445953369141
0.00016927719116210938
6.103515625e-05
0.0013251304626464844
0.0006399154663085938
0.00024318695068359375
0.0013823509216308594
0.00026297569274902344
0.0003039836883544922
0.0013616085052490234
0.0007410049438476562
0.00016117095947265625
0.0014188289642333984
0.0007140636444091797
0.0001571178436279297
0.0014376640319824219
0.0007512569427490234
0.0001704692840576172
0.0014379024505615234
0.001035928726196289
0.0001838207244873047
0.001859903335571289
0.0005946159362792969
0.0002491474151611328
6.747245788574219e-05
0.00131988525390625
0.0004150867462158203
0.000213623046875
0.0013096332550048828
0.0004904270172119141
0.0002944469451904297
9.512901306152344e-05
0.0013375282287597656
0.00030350685119628906
0.00022935867309570312
0.0013270378112792969
0.0008299350738525391
7.2479248046875e-05
0.0018391609191894531
0.0007781982421875
0.00018787384033203125
0.0014636516571044922
0.0007448196411132812
0.0003020763397216797
6.246566772460938e-05
0.001209259033203125
0.0004131793975830078
0.00017952919006347656
5.269050598144531e-05
0.001291513442993164
0.0007393360137939453
0.00010704994201660156
0.0012938976287841797
0.0006995201110839844
0.0001819133758544922
0.0013053417205810547
0.0007352828979492188
0.00030493736267089844
4.982948303222656e-05
0.001308441162109375
0.0007894039154052734
0.00015497207641601562
0.0011565685272216797
0.0003209114074707031
5.245208740234375e-05
0.0011763572692871094
0.0004775524139404297
0.0001494884490966797
0.001407623291015625
0.0006608963012695312
0.000244140625
0.00010061264038085938
0.0013997554779052734
0.00042247772216796875
0.00034427642822265625
9.417533874511719e-05
0.0013241767883300781
0.0007255077362060547
0.00010800361633300781
0.0014116764068603516
0.0007166862487792969
0.0001614093780517578
0.0012972354888916016
0.0007917881011962891
6.842613220214844e-05
0.0012745857238769531
0.0006964206695556641
0.000408172607421875
8.58306884765625e-05
0.0014042854309082031
0.0009510517120361328
0.00017261505126953125
0.0013189315795898438
0.0007278919219970703
0.00016355514526367188
0.0013399124145507812
0.0007405281066894531
0.00011849403381347656
0.0014312267303466797
0.0004208087921142578
0.00016021728515625
0.0020952224731445312
0.00038886070251464844
0.00031304359436035156
0.0012733936309814453
0.0003485679626464844
8.96453857421875e-05
0.0014297962188720703
0.0007810592651367188
0.0001926422119140625
0.0013322830200195312
0.0007441043853759766
5.793571472167969e-05
0.0014307498931884766
0.0008103847503662109
0.00013303756713867188
0.0013217926025390625
0.0007541179656982422
0.00031375885009765625
6.628036499023438e-05
0.0014469623565673828
0.0008528232574462891
0.00044274330139160156
8.96453857421875e-05
0.0016970634460449219
0.0009701251983642578
0.00016641616821289062
0.0013599395751953125
0.0007290840148925781
0.00017142295837402344
0.0013306140899658203
0.0006694793701171875
0.00019407272338867188
0.0014901161193847656
0.0002765655517578125
0.00022220611572265625
0.0014798641204833984
0.0009436607360839844
7.653236389160156e-05
0.0013840198516845703
0.0010504722595214844
0.00020623207092285156
0.0014307498931884766
0.0006375312805175781
0.0001747608184814453
0.0014085769653320312
0.0007054805755615234
0.0003254413604736328
9.012222290039062e-05
0.00141143798828125
0.0007293224334716797
0.0002989768981933594
0.00012612342834472656
0.0016293525695800781
0.0006506443023681641
0.0001766681671142578
0.001348257064819336
0.0008165836334228516
0.00018644332885742188
0.0014777183532714844
0.0007288455963134766
0.00017881393432617188
0.0013377666473388672
0.0002593994140625
0.0002086162567138672
5.745887756347656e-05
0.0031409263610839844
0.0011260509490966797
0.0002734661102294922
0.0012404918670654297
0.0007457733154296875
6.246566772460938e-05
0.0013661384582519531
0.0007545948028564453
0.0005238056182861328
0.00011587142944335938
0.0014238357543945312
0.0004456043243408203
0.00019097328186035156
0.0013241767883300781
0.00064849853515625
0.00026607513427734375
0.0022699832916259766
0.00067138671875
0.00033473968505859375
0.0013349056243896484
0.00042939186096191406
0.00021719932556152344
0.0014259815216064453
0.00067138671875
0.0001385211944580078
0.0014598369598388672
0.00026106834411621094
0.00034165382385253906
0.0012712478637695312
0.0007376670837402344
0.00017762184143066406
0.0012938976287841797
0.0008699893951416016
0.0002639293670654297
0.001425027847290039
0.0004181861877441406
0.00016999244689941406
0.0011887550354003906
0.00044536590576171875
0.0002162456512451172
6.008148193359375e-05
0.0014541149139404297
0.0006821155548095703
0.0001518726348876953
0.0012881755828857422
0.000713348388671875
0.00016999244689941406
0.001310586929321289
0.00025391578674316406
0.0001971721649169922
0.0011949539184570312
0.0006582736968994141
0.0001652240753173828
9.870529174804688e-05
0.0014491081237792969
0.0007452964782714844
0.00016546249389648438
0.0013873577117919922
0.00025391578674316406
0.00019860267639160156
5.269050598144531e-05
0.001477956771850586
0.0007691383361816406
0.0001735687255859375
0.0014240741729736328
0.0005018711090087891
0.0001780986785888672
9.417533874511719e-05
0.0012011528015136719
0.00028705596923828125
0.00026416778564453125
9.822845458984375e-05
0.001310586929321289
0.0007207393646240234
0.0001671314239501953
0.0019752979278564453
0.0007140636444091797
0.0001652240753173828
0.0011754035949707031
0.0005028247833251953
0.00011110305786132812
0.0012943744659423828
0.0006515979766845703
0.00017118453979492188
0.0015461444854736328
0.0006127357482910156
0.0001900196075439453
0.0013387203216552734
0.0008289813995361328
0.000171661376953125
0.0013077259063720703
0.0006327629089355469
0.0003669261932373047
5.221366882324219e-05
0.0011708736419677734
0.00054931640625
0.00024962425231933594
8.559226989746094e-05
0.001318216323852539
0.0006473064422607422
0.00015878677368164062
0.0013155937194824219
0.0007460117340087891
0.0003020763397216797
9.655952453613281e-05
0.0011935234069824219
0.00041794776916503906
0.0003273487091064453
7.104873657226562e-05
0.0019414424896240234
0.0007529258728027344
8.845329284667969e-05
0.0012700557708740234
0.0007326602935791016
0.0002999305725097656
5.793571472167969e-05
0.001171112060546875
0.0004115104675292969
0.00020265579223632812
5.2928924560546875e-05
0.0023527145385742188
0.0012798309326171875
0.0002732276916503906
0.0013229846954345703
0.0002739429473876953
0.00017333030700683594
0.001310586929321289
0.0007722377777099609
0.0001926422119140625
0.0016193389892578125
0.0008242130279541016
8.845329284667969e-05
0.0015957355499267578
0.0004341602325439453
0.00029277801513671875
0.00011301040649414062
0.0014147758483886719
0.0007531642913818359
0.0001647472381591797
0.0013148784637451172
0.0007407665252685547
0.00016570091247558594
0.0014574527740478516
0.0011119842529296875
7.033348083496094e-05
2 | 0 | 92 | 8 | 0.0007025595867272579 | 0.0005622805863147048 
